-8  -6.75  0.999221  0.999112  0.989533  0.489465
-5.33333  -4.08333  1.00259  0.998708  0.491228  0.489267
-2.66667  -1.41667  0.998187  1.00218  0.489068  0.490974
0  1.25  1.0020095  1.0020478  0.588375  0.590222
2.66667  3.91667  1.00187  1.00072  0.490823  0.490255
5.33333  6.58333  1.00499  0.99879  0.492348  0.489362
8  9.25  1.00253  1.006  0.491151  0.492856
10.6667  11.9167  1.00671  1.0086  0.493273  0.49415
13.3333  14.5833  1.00648  1.00338  0.493096  0.49159
16  17.25  1.00584  1.00068  0.492783  0.490264
18.6667  19.9167  1.00532  1.00434  0.492541  0.49208
21.3333  22.5833  1.00696  1.00445  0.493343  0.492131
24  25.25  1.00493  1.00428  0.492436  0.492025
26.6667  27.9167  1.00493  1.00377  0.493799  0.491845
29.3333  30.5833  1.01015  1.00478  0.494871  0.49228
32  33.25  1.00695  1.00051  0.493316  0.490204
34.6667  35.9167  1.00562  1.00327  0.492663  0.491643
37.3333  38.5833  1.00573  1.00439  0.492729  0.49214
40  41.25  1.00404  1.00357  0.491921  0.491697
42.6667  43.9167  1.00406  1.00218  0.491915  0.49104
45.3333  46.5833  1.00025  1.00291  0.490019  0.491376
48  49.25  1.00231  1.00243  0.491057  0.491143
50.6667  51.9167  0.997797  1.00194  0.488875  0.490954
53.3333  54.5833  1.00209  1.00322  0.490933  0.491547
56  57.25  1.00203  1.00008  0.4909  0.489964
58.6667  59.9167  1.00145  1.00199  0.490611  0.490884
61.3333  62.5833  0.999922  0.999767  0.489862  0.489829
64  65.25  0.996277  1.00125  0.488084  0.490548
66.6667  67.9167  0.999061  0.999053  0.489458  0.489446
69.3333  70.5833  0.999063  0.999032  0.489449  0.489458
72  73.25  1.00167  0.998924  0.490723  0.489383
74.6667  75.9167  0.998433  0.997891  0.489179  0.488898
77.3333  78.5833  0.994656  0.999977  0.487287  0.489895
80  81.25  0.996327  0.999185  0.488132  0.489514
82.6667  83.9167  0.997937  1.00106  0.488965  0.490418
85.3333  86.5833  0.991399  0.998226  0.485713  0.489058
88  89.25  0.994227  1.00007  0.48712  0.489933
90.6667  91.9167  0.998358  0.99862  0.48911  0.489225
93.3333  94.5833  0.99448  0.998108  0.487238  0.488975
96  97.25  0.995387  0.998721  0.487673  0.48928
98.6667  99.9167  0.993755  0.99907  0.486978  0.489446
101.333  102.583  0.994625  0.996395  0.487374  0.488139
104  105.25  0.996234  0.997637  0.488116  0.488757
106.667  107.917  0.99441  0.998176  0.487228  0.489004
109.333  110.583  0.994974  0.998602  0.4875  0.489217
112  113.25  0.992741  0.997491  0.48645  0.488671
114.667  115.917  0.993462  0.997821  0.486701  0.488842
117.333  118.583  0.997308  0.99891  0.488735  0.489368
120  121.25  0.994348  0.999622  0.487279  0.489715
122.667  123.917  0.988083  0.997016  0.48419  0.488441
125.333  126.583  0.993057  1.00112  0.486564  0.49045
128  129.25  0.996429  1.00073  0.488282  0.490262
130.667  131.917  0.991877  0.998085  0.486052  0.488963
133.333  134.583  0.995324  0.997844  0.48767  0.488849
136  137.25  0.995301  0.996927  0.48777  0.488407
138.667  139.917  0.989045  0.997688  0.48459  0.488772
141.333  142.583  0.993815  0.997494  0.487097  0.488681
144  145.25  0.992864  0.997982  0.486441  0.488936
146.667  147.917  0.989321  0.995762  0.484732  0.487824
149.333  150.583  0.99835  0.995883  0.489252  0.487889
152  153.25  0.993688  0.997041  0.486844  0.488458
154.667  155.917  0.989263  0.996944  0.484695  0.488407
157.333  158.583  0.994123  0.997172  0.487031  0.48852
160  161.25  0.991176  0.994164  0.485611  0.487056
162.667  163.917  0.98838  0.999292  0.484378  0.489563
165.333  166.583  0.992838  0.995553  0.486419  0.487742
168  169.25  0.997445  0.997284  0.488814  0.488573
170.667  171.917  0.994664  0.998103  0.487447  0.488982
173.333  174.583  0.994828  0.999353  0.487516  0.489622
176  177.25  0.997215  0.998979  0.488534  0.489439
178.667  179.917  0.991438  0.996203  0.485785  0.488061
181.333  182.583  0.991547  0.997644  0.485942  0.488758
184  185.25  0.989827  0.99235  0.485117  0.486157
186.667  187.917  0.987635  0.995255  0.483883  0.487583
189.333  190.583  0.991117  0.996292  0.485749  0.488098
192  193.25  0.989602  0.996165  0.485036  0.488025
194.667  195.917  0.990068  0.996652  0.485097  0.488266
197.333  198.583  0.989252  0.997558  0.484721  0.488711
200  201.25  0.98993  0.996184  0.485062  0.488038
202.667  203.917  0.989121  0.993048  0.484729  0.486548
205.333  206.583  0.993708  0.995603  0.486941  0.487761
208  209.25  0.989485  0.995899  0.484768  0.487909
210.667  211.917  0.992417  0.995685  0.486355  0.487823
213.333  214.583  0.992339  0.994738  0.486161  0.487341
216  217.25  0.990652  0.991645  0.485442  0.485817
218.667  219.917  0.992413  0.994942  0.486189  0.487483
221.333  222.583  0.990361  0.996467  0.485254  0.48819
224  225.25  0.996677  0.995211  0.488344  0.487602
226.667  227.917  0.988251  0.992062  0.484309  0.486036
229.333  230.583  0.989601  0.994591  0.484963  0.487265
232  233.25  0.995762  0.993844  0.487907  0.486892
234.667  235.917  0.994107  0.995989  0.4871  0.488002
237.333  238.583  0.99026  0.995764  0.485181  0.487836
240  241.25  0.992094  0.994649  0.486142  0.487313
242.667  243.917  0.993504  0.996497  0.486758  0.488193
245.333  246.583  0.989601  0.997553  0.484945  0.488719
248  249.25  0.990509  0.996761  0.485299  0.488341
250.667  251.917  0.98695  0.994784  0.483518  0.487362
253.333  254.583  0.990271  0.998121  0.485245  0.489011
256  257.25  0.992718  0.99485  0.486368  0.487389
258.667  259.917  0.988452  0.991089  0.48432  0.485541
261.333  262.583  0.986318  0.990119  0.483357  0.485069
264  265.25  0.991633  0.99421  0.485858  0.487083
266.667  267.917  0.996032  0.992634  0.488088  0.486292
269.333  270.583  0.987258  0.992039  0.483823  0.486001
272  273.25  0.992843  0.993142  0.486464  0.48655
274.667  275.917  0.988758  0.991508  0.484424  0.485749
277.333  278.583  0.986431  0.991791  0.483281  0.485927
280  281.25  0.990672  0.992813  0.485375  0.486392
282.667  283.917  0.986975  0.994393  0.483524  0.48719
285.333  286.583  0.987847  0.992787  0.483959  0.486386
288  289.25  0.990071  0.995168  0.485046  0.487563
290.667  291.917  0.991157  0.994337  0.485606  0.487158
293.333  294.583  0.990233  0.993452  0.485132  0.486705
296  297.25  0.987815  0.992646  0.483967  0.486308
298.667  299.917  0.99402  0.993573  0.48699  0.486823
301.333  302.583  0.994136  0.99536  0.487065  0.48768
304  305.25  0.985759  0.993344  0.482983  0.486669
306.667  307.917  0.988797  0.996359  0.484449  0.488176
309.333  310.583  0.993003  0.993217  0.486489  0.486625
312  313.25  0.987218  0.994503  0.483644  0.487213
314.667  315.917  0.992874  0.999172  0.48642  0.489496
317.333  318.583  0.99559  0.996099  0.487791  0.488037
320  321.25  0.994758  0.998677  0.487332  0.489263
322.667  323.917  0.993146  0.997586  0.486641  0.488749
325.333  326.583  0.995906  0.996265  0.487892  0.488134
328  329.25  0.994316  0.99623  0.487137  0.488069
330.667  331.917  0.997299  1.00014  0.488599  0.489983
333.333  334.583  0.992478  0.99862  0.486226  0.489228
336  337.25  0.997543  0.996116  0.48877  0.488014
338.667  339.917  0.993755  0.999378  0.486843  0.489608
341.333  342.583  0.993356  0.997747  0.486652  0.488812
344  345.25  0.999493  0.998896  0.489661  0.489407
346.667  347.917  1.00042  0.996878  0.490112  0.48839
349.333  350.583  0.997531  0.998616  0.488715  0.489273
352  353.25  0.993619  0.99796  0.486799  0.488934
354.667  355.917  0.992734  0.999586  0.486356  0.489747
357.333  358.583  1.00369  0.999578  0.491732  0.489704
360  361.25  0.998227  0.999265  0.489032  0.489561
362.667  363.917  0.996547  0.999258  0.488221  0.489581
365.333  366.583  0.998697  0.99952  0.489268  0.489686
368  369.25  0.997163  0.998924  0.4886  0.489399
370.667  371.917  0.994609  0.998695  0.487318  0.489284
373.333  374.583  0.99849  1.00021  0.489177  0.490079
376  377.25  1.00313  1.00241  0.491442  0.491096
378.667  379.917  0.999268  0.998503  0.489557  0.489224
381.333  382.583  0.998282  0.997563  0.489073  0.48872
384  385.25  0.996665  0.998726  0.488283  0.489286
386.667  387.917  0.999725  1.00014  0.489857  0.490016
389.333  390.583  1.00008  0.999704  0.489937  0.489789
392  393.25  1.00157  0.999804  0.490686  0.489816
394.667  395.917  0.995161  1.00352  0.487545  0.491633
397.333  398.583  0.997463  1.00108  0.488662  0.490442
400  401.25  0.999256  1.00084  0.48955  0.490309
402.667  403.917  0.998057  0.998733  0.488973  0.489301
405.333  406.583  0.994127  0.999284  0.487083  0.489566
408  409.25  0.996685  0.997938  0.488275  0.488929
410.667  411.917  0.998046  1.00154  0.488951  0.490665
413.333  414.583  0.998887  1.00009  0.48944  0.489958
416  417.25  1.00017  0.999799  0.489984  0.489811
418.667  419.917  0.99685  1.00314  0.488367  0.491448
421.333  422.583  0.995234  1.0003  0.487571  0.490048
424  425.25  0.99925  1.00032  0.489532  0.490063
426.667  427.917  1.00021  0.999535  0.49  0.489685
429.333  430.583  0.993924  1.00148  0.487054  0.490628
432  433.25  1.00345  1.00204  0.491595  0.490899
434.667  435.917  0.999216  1.00073  0.489516  0.490258
437.333  438.583  1.00175  1.00253  0.490779  0.491145
440  441.25  1.00391  1.0027  0.491818  0.491226
442.667  443.917  1.00201  1.002  0.490889  0.490889
445.333  446.583  1.00013  1.00245  0.490005  0.4911
448  449.25  0.998624  1.00207  0.489231  0.49092
450.667  451.917  0.999174  1.00198  0.489501  0.490874
453.333  454.583  1.00052  1.00266  0.490159  0.491209
456  457.25  0.996826  1.00217  0.48837  0.490968
458.667  459.917  0.997951  1.00154  0.488908  0.490654
461.333  462.583  1.00018  1.00356  0.490045  0.491655
464  465.25  1.00115  1.00145  0.490483  0.49062
466.667  467.917  0.997074  0.999949  0.488468  0.489875
469.333  470.583  0.996414  1.00099  0.48817  0.490382
472  473.25  1.00071  1.00269  0.490254  0.49122
474.667  475.917  0.998903  1.00309  0.489365  0.491414
477.333  478.583  0.998351  0.9997  0.489121  0.48976
480  481.25  1.00205  1.00069  0.490936  0.490242
482.667  483.917  0.997466  1.00175  0.488656  0.49076
485.333  486.583  1.00073  1.00175  0.490273  0.49076
488  489.25  0.995658  1.00328  0.487772  0.49151
490.667  491.917  1.0001  1.00126  0.489965  0.490518
493.333  494.583  0.999221  0.999112  0.489533  0.489465
496  497.25  1.00259  0.998708  0.491228  0.489267
498.667  499.917  0.998187  1.00218  0.489068  0.490974
