   1.4210855e-14  -1.4210855e-14  -1.4210855e-14   1.1102230e-16   0.0000000e+00   0.0000000e+00
  -6.6201122e-03   6.2244264e-02  -2.0176589e-02   1.1971820e-03  -4.3676472e-03   2.7556471e-03
   2.8421709e-14  -2.8421709e-14  -2.1316282e-14   1.1102230e-16  -2.9803629e-17  -2.9723090e-17
  -6.6201122e-03   6.2244264e-02  -2.0176589e-02   1.1971820e-03  -4.3676472e-03   2.7556471e-03
   8.4502506e-03   4.9001185e-02  -1.7236732e-02   3.4930467e-04   2.0423440e-05   1.7807644e-04
  -1.6447929e-03  -4.5584657e-02  -1.5481926e-01   1.1456343e-03  -4.1034811e-03   2.6408005e-03
   5.1423451e-03   6.6235954e-03  -8.2374264e-02   1.5913200e-04   6.2655517e-04  -2.6365039e-05
   1.0605533e-02   2.1614239e-02  -2.3953064e-02   1.1138559e-03  -4.0401289e-03   3.0638968e-03
   1.0582350e-02   1.1474419e-01   1.0353514e-02   2.4829789e-04   3.0520845e-04   6.5953183e-05
   5.6212471e-03   1.4396976e-02  -1.1932782e-01   1.1222214e-03  -4.1946110e-03   2.8653291e-03
   9.9239309e-03  -3.1692479e-02  -1.1693133e-01  -3.2674133e-05   5.1072401e-04  -2.7373012e-04
   1.6967486e-02  -4.2414818e-02  -9.3107397e-02   6.9294167e-04  -3.7198130e-03   3.1440592e-03
   7.9659904e-03   4.9476049e-02   4.4248374e-02  -3.5212649e-04   6.9985193e-04  -3.6387148e-05
   1.3536914e-03   6.6670236e-02   2.8231409e-02   5.3482216e-04  -3.8341521e-03   3.2460442e-03
   1.2312476e-02   1.1364086e-01   7.6719366e-02  -4.8041720e-05   7.9180185e-04   4.1741978e-04
  -6.5765261e-03   2.9857083e-02  -3.8100767e-02   1.0395914e-03  -3.7300575e-03   3.3972784e-03
   6.5524644e-03   7.3967788e-02   1.1835598e-01   1.7786569e-04   8.8028220e-04   3.1692358e-04
   6.4630219e-03   6.5757552e-02   1.4065872e-01   5.6555263e-04  -3.6076401e-03   3.2514344e-03
  -1.5387398e-03   1.5247635e-01   2.2965742e-01  -2.9549325e-04   4.1474431e-04   3.0695899e-04
   3.5136790e-03   1.4894383e-01   2.3018340e-01   5.3881555e-04  -4.4302848e-03   3.8143506e-03
  -3.9015258e-04   1.7742832e-01   2.9092120e-01  -2.2716009e-05   5.5332812e-04   4.3813568e-04
   3.5618928e-03   1.5544522e-01   2.7342325e-01   7.1579329e-04  -4.2807313e-03   3.7806317e-03
   5.6527043e-02   1.4106918e-01   2.4266186e-01   7.7263608e-05   1.1993330e-03   4.8110805e-04
   3.3022596e-02   1.7575114e-01   3.0497029e-01   1.0739219e-03  -4.0581813e-03   3.7749687e-03
   1.4932306e-02   2.6628827e-01   4.3543507e-01  -7.2715150e-04   1.2945137e-04   1.0894108e-04
   1.6630236e-02   1.4750689e-01   2.2878544e-01   3.2657399e-04  -4.2331791e-03   3.5145324e-03
   2.4665943e-02   2.1893745e-01   4.2683282e-01  -6.3092073e-04   3.8682856e-04   3.3117219e-04
   3.3688976e-02   1.8983462e-01   2.7312353e-01   2.4921205e-06  -4.3308453e-03   3.5451138e-03
   3.4462688e-02   1.4158171e-01   2.8081454e-01  -6.4161711e-04   9.0777015e-04   1.1642739e-04
   4.1587190e-02   1.8213254e-01   3.1297567e-01   3.8505055e-04  -4.1758775e-03   3.6923448e-03
   3.9212616e-02   2.0804266e-01   3.2180317e-01  -1.0985315e-03   5.6029201e-04  -3.6310810e-05
   4.9540880e-02   1.3685510e-01   1.5764628e-01  -1.3425145e-04  -4.1314816e-03   2.9813196e-03
   6.1063190e-02   1.8576600e-01   3.1937680e-01  -8.3197585e-04   7.6103303e-04   1.5998605e-04
   5.5619318e-02   2.2008855e-01   3.3554919e-01  -4.5311187e-05  -4.5046667e-03   3.3926793e-03
   6.1529572e-02   1.6480305e-01   2.0778291e-01  -2.9928593e-04   4.5317417e-04  -3.0637575e-05
   5.7965228e-02   1.6618548e-01   2.5311422e-01   1.8434148e-04  -4.4007273e-03   3.3000566e-03
   6.6156021e-02   2.2097329e-01   3.4739351e-01  -1.1560910e-03   5.7614376e-04  -2.3671217e-04
   6.9816556e-02   1.0917654e-01   1.6840369e-01   6.2247157e-04  -4.5639912e-03   3.2891500e-03
   7.8107332e-02   1.8422378e-01   3.1194086e-01  -8.4320412e-04   8.3489385e-04   2.4232922e-05
   8.5513987e-02   1.9866031e-01   2.7656718e-01  -4.5065985e-04  -4.2402250e-03   3.2467901e-03
   7.6818543e-02   1.1621561e-01   2.3270030e-01  -9.5790826e-04   4.7133961e-04  -1.7346570e-04
   7.4954499e-02   1.3892707e-01   1.8115940e-01   3.0644148e-04  -3.7960522e-03   3.2598219e-03
   7.6917343e-02   2.3143426e-01   3.8404495e-01  -9.8744212e-04   6.7299310e-04   3.3133199e-05
   7.1648554e-02   1.4434109e-01   2.1001005e-01   1.4672484e-04  -3.8675421e-03   3.0551613e-03
   7.6459049e-02   1.5372632e-01   2.3404115e-01  -6.0879357e-04   1.1209534e-03  -1.9730471e-04
   8.4410376e-02   1.5756496e-01   2.5445594e-01   4.4594663e-04  -4.0938681e-03   3.3375226e-03
   8.1575404e-02   2.1447110e-01   3.5798327e-01  -8.7115922e-04   7.3350480e-04   3.0634253e-04
   8.6070750e-02   1.4295198e-01   1.6335215e-01   3.7249328e-04  -3.8045718e-03   3.5039630e-03
   6.2834223e-02   1.2345162e-01   2.2371264e-01  -6.2703832e-04   1.2217502e-03  -3.7767404e-04
   7.9912676e-02   1.6633776e-01   2.0159068e-01   4.9521550e-04  -3.8642635e-03   3.4832308e-03
   7.4472806e-02   2.1584409e-01   3.0053589e-01  -4.4851520e-04   1.0485406e-03   5.0991174e-05
   6.3721052e-02   1.1793551e-01   9.6217276e-02   1.1359479e-03  -4.0820208e-03   3.0995187e-03
   6.5143249e-02   1.9633195e-01   3.2513910e-01  -6.0262899e-05   8.7846340e-04   1.4722275e-04
   5.1234174e-02   1.0872259e-01   1.0075181e-01   1.5785723e-03  -4.7000365e-03   3.0098716e-03
   4.8303314e-02   1.8904233e-01   2.2084981e-01   3.1819131e-04   8.7456584e-04  -6.6398317e-05
   5.0986911e-02   2.2135466e-01   2.3396595e-01   1.3162962e-03  -4.5749438e-03   3.3931086e-03
   4.6775813e-02   1.5982890e-01   1.5239991e-01   9.5639567e-04   4.6078404e-04   1.2314373e-05
   3.5879804e-02   2.3080538e-01   2.5482082e-01   1.3057299e-03  -4.7116713e-03   3.3400127e-03
   4.6110414e-02   2.2861113e-01   2.6429990e-01   6.0203672e-04   2.8883228e-04  -3.3499650e-06
   3.9695358e-02   1.6099939e-01   8.7426786e-02   2.3510080e-03  -4.7332094e-03   3.1364314e-03
   2.0847114e-02   2.8065608e-01   3.4261737e-01   8.2963443e-04   1.8929845e-04  -7.8983872e-05
   3.4917245e-02   2.1971922e-01   1.8561247e-01   1.5851757e-03  -4.7372972e-03   2.9784690e-03
   4.2901528e-02   1.8475855e-01   1.6142134e-01   5.2391024e-04   3.8295172e-04  -1.5718857e-04
   4.6358243e-02   2.0443226e-01   2.2417282e-01   1.6371688e-03  -4.5046181e-03   3.2783233e-03
   5.2520754e-02   2.6698698e-01   3.2959632e-01   2.4762152e-04   5.4478872e-04  -1.2612087e-04
   5.5490935e-02   1.8211697e-01   1.2256592e-01   1.2642431e-03  -4.3509209e-03   3.1595363e-03
   5.1737780e-02   1.5991693e-01   1.8677995e-01   6.1252619e-04   7.9398099e-04  -2.7227931e-04
   5.4915861e-02   1.7626416e-01   1.7494006e-01   1.5714100e-03  -4.3011954e-03   3.0468844e-03
   5.8568249e-02   2.6894354e-01   3.1430551e-01   7.9486212e-05   4.6221216e-04  -1.1274042e-04
   5.9249222e-02   1.3591169e-01   1.0620213e-01   1.5156596e-03  -4.2736643e-03   2.7093640e-03
   5.6377146e-02   1.6165027e-01   2.0077719e-01   3.7001063e-04   1.0265026e-03  -2.7577635e-04
   5.9912762e-02   2.3130098e-01   2.6358066e-01   1.0621295e-03  -4.4403304e-03   3.0515023e-03
   6.5608323e-02   1.6989636e-01   1.6780448e-01   6.7741367e-04   7.7054619e-04  -3.3401902e-04
   6.5688858e-02   1.2864610e-01   7.2392710e-02   1.7554985e-03  -4.3141972e-03   3.0212286e-03
   6.2641646e-02   2.2333782e-01   2.8938781e-01   1.8851608e-04   6.0002229e-04  -2.0384229e-04
   6.8569672e-02   2.1705779e-01   2.1103894e-01   1.4902140e-03  -4.2583528e-03   2.9151023e-03
   6.1789730e-02   1.4000554e-01   1.2987925e-01   3.2241494e-04   8.6854455e-04  -4.9952705e-04
   7.7111630e-02   1.2699971e-01   1.0275690e-01   1.5735306e-03  -4.3577870e-03   3.0376947e-03
   7.6108004e-02   1.9245462e-01   2.3392932e-01   9.1275001e-04   7.3351643e-04  -1.9213680e-04
   8.2058352e-02   2.2764847e-01   2.0955504e-01   1.4228791e-03  -4.1123362e-03   2.9869029e-03
   7.6632130e-02   1.5385538e-01   1.4321885e-01   5.3829281e-04   1.2071713e-03  -6.2139985e-04
   7.9098491e-02   1.4102519e-01   7.2412891e-02   1.5043838e-03  -3.7914246e-03   2.9886903e-03
   8.7847063e-02   2.0928985e-01   2.5297915e-01   2.5888222e-04   9.6036326e-04  -2.5278428e-04
   9.0233226e-02   2.0426543e-01   1.7707080e-01   1.4135010e-03  -4.0561179e-03   2.8861861e-03
   9.9646378e-02   1.3839461e-01   7.0134526e-02   2.5423461e-04   1.4202259e-03  -3.7887695e-04
   1.0741481e-01   1.1947192e-01   7.6045252e-02   1.3150769e-03  -3.6841990e-03   3.1461927e-03
   9.8578620e-02   1.7213162e-01   2.8695888e-01  -1.4690691e-04   1.3762149e-03  -4.1097243e-04
   1.0699705e-01   1.6718867e-01   1.0734842e-01   1.1606161e-03  -3.3336231e-03   3.0039125e-03
   1.0797336e-01   1.1335837e-01   1.2621288e-01   1.9313243e-04   1.5131691e-03  -1.8594911e-04
   1.1056269e-01   1.6629465e-01   1.9690368e-01   1.2061276e-03  -3.7826382e-03   3.1627421e-03
   1.1570306e-01   2.1729971e-01   2.2713147e-01   9.0978299e-05   1.7120293e-03  -1.0204924e-04
   1.0900550e-01   1.0743370e-01   5.9614579e-02   1.9185513e-03  -3.5321312e-03   3.3532033e-03
   1.0085755e-01   1.8730107e-01   2.4496500e-01   5.7282544e-04   1.5783659e-03  -6.1945831e-05
   1.0563015e-01   1.5126290e-01   9.0816148e-02   1.3970330e-03  -3.6693381e-03   2.8774283e-03
   1.1068606e-01   1.1503158e-01   1.5460703e-01   3.1417033e-04   1.6848662e-03  -1.6861535e-04
   9.6929618e-02   2.0167461e-01   2.0965594e-01   1.2744177e-03  -3.8710915e-03   2.9244744e-03
   9.1754880e-02   2.0032830e-01   1.6374330e-01   7.3897639e-04   1.3252755e-03  -3.2666308e-04
   8.1161776e-02   1.4294602e-01   3.5845353e-02   2.3860173e-03  -4.0286783e-03   3.0374084e-03
   6.1579649e-02   2.5847421e-01   2.9542049e-01   1.5569549e-03   5.2554676e-04   1.4122170e-04
   6.5047456e-02   1.4512660e-01   1.0407114e-02   2.7578733e-03  -4.5693193e-03   2.8000783e-03
   1.4690376e-01  -5.1927496e-02  -2.3163924e-01   7.0756223e-04  -4.6460584e-03   1.8172100e-03
   1.2516036e-01  -2.6890807e-02  -1.7886508e-01   7.4787026e-04   1.9579761e-03   4.7867638e-04
   1.4690376e-01  -5.1927496e-02  -2.3163924e-01   7.0756223e-04  -4.6460584e-03   1.8172100e-03
   1.2516036e-01  -2.6890807e-02  -1.7886508e-01   7.4787026e-04   1.9579761e-03   4.7867638e-04
   1.4724064e-01   8.4069305e-02  -1.2208107e-01   4.9785758e-04  -4.7907225e-03   1.9697907e-03
   1.2119085e-01   3.1117112e-03  -1.7870807e-01   2.3299413e-04   1.8252090e-03   9.7074808e-05
   1.4557237e-01  -4.6918786e-02  -2.6173551e-01   1.2191885e-03  -4.9272884e-03   1.8980413e-03
   1.1819262e-01  -9.6690284e-03  -1.4796170e-01   9.9806289e-04   1.5703095e-03   3.7928309e-04
   1.5176652e-01   6.0488729e-02  -1.0201093e-01   6.1469928e-04  -4.3960617e-03   1.9392081e-03
   1.2715432e-01   1.1166330e-02  -1.6373031e-01   4.5563567e-04   2.0066141e-03   7.4629825e-05
   1.5444212e-01  -3.4484674e-02  -2.5010434e-01   1.1639627e-03  -4.6595725e-03   1.9062593e-03
   1.4780947e-01  -3.4457893e-02  -1.3081582e-01   7.5070095e-04   1.6829851e-03   4.1518655e-04
   1.6070024e-01   8.6695899e-02  -7.2316440e-02   9.8099076e-04  -4.5389720e-03   1.7941858e-03
   1.4187447e-01   1.0767575e-02  -1.8777684e-01   7.2184741e-04   1.9150424e-03  -7.5266864e-05
   1.6816726e-01  -2.3064312e-02  -2.3832559e-01   1.0965770e-03  -4.9054829e-03   1.6217505e-03
   1.3898153e-01  -1.6653793e-02  -1.9344997e-01   7.4975236e-04   1.3271449e-03  -6.1565546e-04
   1.5428766e-01   4.9771942e-02  -1.0036386e-01   1.1215346e-03  -5.5251797e-03   1.3307642e-03
   1.6358242e-01   8.7848189e-02  -4.6931304e-02   1.4070879e-03   1.3472284e-03   2.3163692e-05
   1.8915746e-01  -1.3868810e-02  -2.6023450e-01   1.2455704e-03  -4.7798109e-03   1.3231067e-03
   1.6827908e-01  -1.5834723e-02  -1.8740646e-01   7.9623814e-04   1.7794002e-03  -1.7512030e-04
   1.9177952e-01   6.2218507e-02  -1.0783090e-01   6.6437178e-04  -4.4605101e-03   1.5570916e-03
   1.7655385e-01   4.3570949e-02  -1.2316877e-01   3.3476867e-04   1.9695007e-03  -4.6696418e-04
   1.9893483e-01  -1.6701648e-02  -2.5458606e-01   1.1822118e-03  -4.7065855e-03   1.3625785e-03
   1.8218216e-01  -7.1287146e-03  -1.6938529e-01   7.4623657e-04   2.0040801e-03  -1.8221641e-04
   2.0031681e-01   8.8995988e-02  -7.8048884e-02   3.6557535e-04  -4.6784454e-03   1.4424565e-03
   1.7374537e-01  -1.1011263e-02  -1.6360794e-01   5.8928668e-04   1.9127686e-03  -3.6133787e-04
   2.0410706e-01   2.2488176e-03  -2.1747746e-01   1.0240425e-03  -4.3997669e-03   1.4893611e-03
   1.7322403e-01   4.7155669e-02  -6.0504795e-02   4.8569188e-04   1.9508626e-03  -4.7256373e-04
   1.9793223e-01   9.0455204e-02  -1.2250694e-01   9.6241238e-04  -4.2838557e-03   1.5883748e-03
   1.8446913e-01   5.3425217e-02  -1.4092206e-01   3.7358692e-04   2.3047081e-03  -2.3068975e-04
   2.0943680e-01  -2.3279469e-02  -2.5258173e-01   9.2986753e-04  -4.1437312e-03   1.5972433e-03
   1.8944926e-01   1.9858042e-02  -1.5332669e-01   1.0068048e-03   2.3553451e-03   1.2238701e-05
   2.1878603e-01   9.6219963e-02  -7.5937760e-02   9.1123510e-04  -4.0149745e-03   1.6273766e-03
   1.9056686e-01   5.9382141e-02  -9.7786111e-02   4.8021654e-04   2.3542796e-03  -2.9217585e-05
   2.1759009e-01   8.6595320e-03  -2.6946620e-01   1.5490096e-03  -3.8079029e-03   1.8320791e-03
   1.8528682e-01   1.8557797e-02  -1.2721505e-01   5.5517192e-04   2.6222410e-03   4.8041319e-05
   2.1189510e-01   4.4708365e-02  -1.2441938e-01   1.0685651e-03  -3.8667696e-03   1.4798070e-03
   1.8990660e-01   1.0315125e-01  -2.3278064e-02   4.9462811e-04   2.2963940e-03  -3.1918270e-04
   2.1207065e-01   8.5895904e-02  -1.3353105e-01   7.8170490e-04  -4.0228483e-03   1.4773659e-03
   1.8827726e-01   4.9898948e-03  -1.9557712e-01   6.4081119e-04   2.3793423e-03  -2.3428140e-04
   2.2187463e-01   3.0694362e-02  -1.5164561e-01   1.0799867e-03  -3.8018256e-03   1.4715843e-03
   1.9745647e-01   1.0157705e-01   1.4771424e-03   7.2501295e-04   2.3669765e-03  -5.0917898e-05
   2.2961158e-01   6.0327785e-02  -1.7787116e-01   1.0375585e-03  -3.4283478e-03   1.6465170e-03
   2.0368877e-01  -1.6654332e-02  -1.3223001e-01   5.1809887e-04   2.5005189e-03  -1.8069563e-04
   2.2793200e-01   5.3493896e-02  -9.7534674e-02   1.0082043e-03  -3.6181763e-03   1.9044036e-03
   2.3451883e-01   7.0685333e-02   1.5296343e-02  -3.5688520e-04   3.1957447e-03   2.8510807e-04
   2.4324647e-01   2.3024994e-02  -1.7272146e-01   8.1406188e-04  -3.6133291e-03   1.5329077e-03
   2.1398553e-01   1.5886614e-02  -1.4505373e-01   2.6031054e-04   2.6568412e-03  -3.8937872e-04
   2.4551861e-01   9.8301923e-02  -2.0724450e-02   7.5221621e-04  -3.5201831e-03   1.9394094e-03
   2.3996546e-01   1.1857858e-01  -6.9217585e-04  -4.3698745e-05   3.1285688e-03   2.0157665e-04
   2.5954406e-01   2.6807905e-02  -1.7136186e-01   9.2539215e-04  -3.2359193e-03   1.8588556e-03
   2.4194452e-01   4.3044923e-02  -1.3736651e-01   3.9653319e-04   3.6306867e-03   5.1845093e-04
   2.7579920e-01   8.5598874e-02  -3.4230553e-02   5.6697466e-04  -2.5526144e-03   2.3230915e-03
   2.5613841e-01   8.5335436e-02   3.2087840e-02  -8.4847765e-05   3.9920088e-03   4.3739872e-04
   2.9400229e-01   4.7303041e-02  -1.5114154e-01  -4.3931370e-05  -2.4237889e-03   2.8817160e-03
   2.4994783e-01   2.8313250e-01   1.4742809e-01   6.5889357e-03   4.6949001e-03   1.8727603e-03
   1.7707226e-01   5.3410146e-01   7.1569406e-01   2.1227945e-03  -4.7439748e-03   3.5369550e-03
   2.0083079e-01   5.9185151e-01   9.6531198e-01   3.0128946e-03   2.5661321e-03   9.8301397e-04
   1.2995233e-01   6.9921887e-01   1.1319359e+00   2.8121208e-03  -6.9478680e-03   2.9201827e-03
   1.3933140e-01   7.6231775e-01   1.2248852e+00   1.9310673e-03   6.2209972e-04   1.0824688e-03
   1.5753161e-01   2.8478968e-01   4.6926276e-01   2.4770929e-04  -5.7157142e-03   2.4458843e-03
   1.7971918e-01   4.3928629e-01   6.8617775e-01   1.2684404e-03   1.8033594e-03   1.2582633e-03
   1.8797089e-01   5.3746460e-01   8.0748223e-01  -1.4687231e-04  -5.5953945e-03   3.0370159e-03
   1.7145862e-01   3.8928600e-01   5.8395490e-01  -2.0671710e-04   1.9008465e-03   5.5010047e-04
   2.1009629e-01   5.5555631e-01   9.1311526e-01  -1.3206684e-03  -4.4584321e-03   3.1757679e-03
   1.7583124e-01   3.5190405e-01   6.5265061e-01   3.0524795e-05   2.1828946e-03   8.5854331e-04
   1.7258369e-01   5.0919703e-01   7.7835552e-01  -9.7303480e-04  -5.3139951e-03   2.8971646e-03
   1.5953618e-01   3.0050068e-01   5.2038261e-01  -3.5411853e-04   1.8610949e-03   1.3299655e-04
   1.7546130e-01   3.7729160e-01   5.9804844e-01  -1.7432599e-04  -5.2207982e-03   2.5152333e-03
   1.7994845e-01   4.2095592e-01   7.1198959e-01  -3.3553609e-04   1.5408483e-03   2.3925281e-04
   1.6919621e-01   3.3976119e-01   5.5446807e-01   1.9248732e-05  -5.3945978e-03   2.4658108e-03
   1.5470448e-01   3.0689137e-01   5.5855066e-01  -1.2972347e-04   1.5793617e-03   5.1043165e-05
   1.6955075e-01   4.3671909e-01   6.9222243e-01  -4.8083551e-04  -5.6424618e-03   2.6051237e-03
   1.6676516e-01   3.1497211e-01   5.8827008e-01  -4.3388883e-04   1.9008649e-03   1.1309185e-04
   1.6304504e-01   4.5757728e-01   7.7114249e-01  -2.5900968e-05  -5.6592253e-03   2.7824583e-03
   1.7937882e-01   3.7567033e-01   6.3802828e-01  -2.9425157e-04   1.0450750e-03  -5.6032077e-04
   1.9510710e-01   4.7255130e-01   7.3879925e-01  -5.7452805e-04  -6.3308854e-03   1.9964341e-03
   2.0308960e-01   4.1896450e-01   7.2382191e-01  -3.3302694e-04   2.0010297e-03  -2.1859711e-04
   2.3120091e-01   3.4444524e-01   5.9186672e-01  -1.3988562e-04  -4.5325109e-03   3.2649658e-03
   1.9919175e-01   3.8678958e-01   6.9838204e-01  -1.1777075e-04   2.1404915e-03   3.6742844e-04
   2.0290257e-01   5.2026347e-01   7.9089336e-01  -1.6325902e-04  -5.7229448e-03   2.7574091e-03
   1.9689418e-01   3.7764404e-01   6.3838039e-01  -3.0219944e-04   1.6768896e-03   2.2070541e-04
   2.1518819e-01   3.9295384e-01   6.2501285e-01   1.9758575e-05  -5.4750708e-03   2.7461880e-03
   2.1112084e-01   3.7986895e-01   6.5084489e-01   1.8718190e-04   2.3236155e-03   3.0051611e-04
   2.2276477e-01   3.9706459e-01   6.5274422e-01   4.3700826e-04  -5.0276909e-03   2.8990848e-03
   2.1442652e-01   4.6705235e-01   8.1328005e-01  -1.2315140e-04   1.6063778e-03   4.1239833e-04
   2.2352420e-01   4.5693569e-01   6.4326954e-01  -1.2820533e-04  -5.0084013e-03   2.8195552e-03
   2.0930159e-01   3.7761957e-01   6.5035840e-01  -3.0484694e-05   2.4008798e-03   3.2372695e-04
   2.1471081e-01   4.0552786e-01   6.1729062e-01   5.6198550e-04  -5.1127868e-03   2.9709525e-03
   2.0261819e-01   5.0562595e-01   7.3600584e-01   1.7000408e-04   1.5179404e-03   6.8820017e-04
   2.1445478e-01   3.8777280e-01   5.8822254e-01   2.2467515e-04  -5.0116523e-03   2.6447049e-03
   1.9739498e-01   3.8710309e-01   5.6424410e-01   6.7815585e-04   1.8474530e-03   4.6107337e-04
   2.2006296e-01   4.9052618e-01   7.5093355e-01  -1.5990067e-04  -5.1791983e-03   3.1462727e-03
   2.1418846e-01   3.6448463e-01   6.6429396e-01  -2.8175754e-05   1.9489557e-03   7.5607049e-04
   2.2705408e-01   4.1331289e-01   6.0598446e-01   2.4360762e-04  -5.0711493e-03   2.8985291e-03
   2.1605005e-01   4.2631303e-01   7.7506897e-01   4.2382511e-04   2.0818336e-03   5.3109101e-04
   2.3472634e-01   4.3598233e-01   6.3292956e-01  -3.1975370e-04  -4.4561163e-03   2.8743216e-03
   2.3535643e-01   2.3282945e-01   3.3338192e-01   2.0446090e-04   2.4935401e-03   6.5353298e-04
   2.4797734e-01   2.8288541e-01   3.3766978e-01   7.8537946e-04  -3.9038944e-03   2.3611105e-03
   2.3435833e-01   3.3048992e-01   5.2489715e-01   5.4502184e-04   2.5271349e-03   4.3887238e-04
   1.5648129e-01   9.4210956e-02   4.4092670e-01  -1.9962684e-03  -4.5923004e-04  -1.1013858e-03
   1.3680019e-01   1.4504886e-02   3.7907796e-01   4.6417942e-04  -2.0297067e-03   3.3319955e-03
   1.5648129e-01   9.4210956e-02   4.4092670e-01  -1.9962684e-03  -4.5923004e-04  -1.1013858e-03
   1.3680019e-01   1.4504886e-02   3.7907796e-01   4.6417942e-04  -2.0297067e-03   3.3319955e-03
   2.0816472e-01   1.7151903e-02   3.0658294e-01  -2.8772952e-03   5.2988827e-04  -1.0846463e-03
   2.0005640e-01  -1.9568232e-01   2.6635170e-02  -1.3700259e-03  -1.1305387e-03   2.7416089e-03
   2.3322174e-01  -1.2110038e-01  -1.2482534e-02  -2.3789399e-03   1.5903375e-03  -1.1846517e-03
   2.1350825e-01  -1.9662654e-01  -4.6762369e-02  -6.7101769e-04  -1.3888732e-04   3.1338808e-03
   2.4846616e-01  -1.4140832e-01  -5.3418727e-03  -2.7133942e-03   1.7717665e-03  -9.5549727e-04
   2.2421096e-01  -1.0887445e-01   1.3132405e-01  -9.7914215e-04  -5.3633350e-04   3.7000819e-03
   2.5591743e-01  -6.5039526e-02   6.2783917e-02  -2.5252965e-03   2.0358685e-03  -8.8995680e-04
   2.2332576e-01  -1.3077833e-01   6.7922485e-02  -8.0841100e-04  -1.3531974e-04   3.7971128e-03
   2.3904449e-01   5.5027336e-02   2.9573461e-01  -2.5784033e-03   1.3067878e-03  -5.5163517e-04
   2.1072156e-01  -5.8527678e-02   1.8768318e-01  -7.1119875e-04  -6.3911438e-04   3.7054187e-03
   2.4317278e-01   8.9692548e-04   1.9966812e-01  -2.1120574e-03   1.6192226e-03  -5.5153412e-04
   2.1759119e-01  -7.4713569e-02   2.2284460e-01  -8.2988189e-04  -4.9057080e-04   3.8234420e-03
   2.3379012e-01   2.2611014e-02   2.7296771e-01  -2.7649203e-03   1.4998388e-03  -8.5738581e-04
   1.9977429e-01  -7.8346489e-02   1.0922719e-01  -2.1817731e-04  -9.7675193e-04   3.4849703e-03
   2.2664400e-01   1.9279231e-02   2.3386378e-01  -2.2149309e-03   1.1663323e-03  -7.2996907e-04
   1.9870479e-01   8.2543583e-03   3.0796172e-01  -8.0261336e-04  -1.0946312e-03   3.4392191e-03
   2.2078128e-01   1.1608622e-02   1.7796264e-01  -1.8262098e-03   1.2533561e-03  -1.0743529e-03
   2.0388865e-01  -5.8668738e-02   1.7359789e-01  -1.9628132e-04  -7.5133891e-04   3.7129181e-03
   2.1607672e-01   9.4986303e-02   3.3412984e-01  -2.0380711e-03   9.5308408e-04  -4.7009313e-04
   1.9400716e-01  -6.2828824e-02   1.5459828e-01  -5.9845380e-05  -1.0896091e-03   3.5304504e-03
   2.1591727e-01   4.9189778e-02   2.5393946e-01  -1.6323292e-03   1.0925969e-03  -6.1663346e-04
   1.9190759e-01   5.9404560e-02   3.3235938e-01  -3.4763197e-04  -1.2506939e-03   3.7344964e-03
   2.1065656e-01   3.1578550e-02   2.3884150e-01  -1.4917374e-03   7.6957118e-04  -6.9964533e-04
   1.7836182e-01   2.4065470e-03   2.5063191e-01   6.2148623e-05  -1.4731941e-03   3.5471687e-03
   2.0108008e-01   1.1449760e-01   3.6786580e-01  -1.6918738e-03   4.5025281e-04  -7.5835032e-04
   1.7691697e-01  -4.8926632e-02   1.4816920e-01   4.0949098e-04  -1.6531504e-03   3.4003145e-03
   1.9686791e-01   8.8882526e-02   2.9685033e-01  -1.3972796e-03   5.8870481e-04  -8.6847632e-04
   1.6746034e-01   3.8178724e-02   3.0962153e-01  -4.7846979e-05  -1.4471392e-03   3.1876935e-03
   2.0322057e-01   6.6725375e-02   2.6199321e-01  -1.6030255e-03   6.2154817e-04  -9.3565641e-04
   1.7614469e-01   1.4566803e-02   3.1919299e-01  -4.9412940e-05  -1.7702063e-03   3.3213799e-03
   2.0041684e-01   1.1875206e-01   4.2324514e-01  -2.3336609e-03   3.8247513e-04  -1.2691899e-03
   1.8076890e-01  -4.3598990e-02   1.5953023e-01  -3.5572205e-04  -1.8120187e-03   3.2497058e-03
   2.0009276e-01   5.4123386e-02   2.6336513e-01  -1.9458977e-03   4.0769921e-04  -1.1443980e-03
   1.7936808e-01   4.4811623e-02   3.3552967e-01  -5.3680129e-04  -2.1325000e-03   3.2618410e-03
   1.8901308e-01   5.4852736e-02   2.1926106e-01  -1.7114679e-03   1.5516696e-04  -1.5338830e-03
   1.5865236e-01  -2.5646754e-02   2.2518067e-01   1.3808007e-04  -2.0841434e-03   2.8779337e-03
   1.7363571e-01   1.1023182e-01   3.5291944e-01  -1.8974257e-03  -3.8111273e-04  -1.5151508e-03
   1.5928131e-01   1.2295706e-03   2.6173112e-01  -3.2121784e-04  -2.1141043e-03   2.7256804e-03
   1.8506890e-01   4.4232055e-02   1.7785006e-01  -1.5103732e-03   4.1685075e-05  -1.5619467e-03
   1.6339532e-01   4.1104351e-02   3.1651870e-01  -4.9896602e-04  -2.3786773e-03   2.9485663e-03
   1.8790709e-01   8.9735839e-02   2.6386892e-01  -1.4022642e-03   3.0878493e-04  -1.3658728e-03
   1.7522697e-01  -3.7397427e-02   1.9854879e-01  -6.1256976e-05  -1.8790099e-03   3.0723637e-03
   1.8543452e-01   9.5471179e-02   3.4450214e-01  -2.1204680e-03  -2.4456629e-04  -1.2425958e-03
   1.5829506e-01  -1.3619333e-02   2.0596583e-01  -1.0732475e-04  -2.2080625e-03   2.8612308e-03
   1.8886006e-01   1.3130665e-02   2.2440140e-01  -1.8925565e-03  -2.4901056e-04  -1.4489148e-03
   1.6219825e-01   1.4944631e-02   3.1998480e-01  -8.4811917e-04  -2.3056860e-03   2.6718204e-03
   1.8687180e-01   5.7661578e-02   2.7372600e-01  -2.3957540e-03  -4.4698612e-07  -1.6553811e-03
   1.7215803e-01  -5.1479652e-02   1.8355085e-01  -4.7220769e-04  -2.4178290e-03   2.7237671e-03
   1.8681447e-01   1.1266841e-01   4.0180471e-01  -2.3882025e-03  -3.6279520e-04  -1.5818580e-03
   1.5534630e-01  -5.7904022e-03   2.2689842e-01  -2.6531541e-04  -2.2249587e-03   2.7403910e-03
   1.8062865e-01   1.6421137e-02   1.5374360e-01  -1.7377823e-03   5.2187504e-05  -1.7685582e-03
   1.4776115e-01  -1.9566622e-02   2.2050350e-01  -3.8075629e-05  -2.3559114e-03   2.6122997e-03
   1.7485413e-01   1.0098867e-01   2.9900903e-01  -1.7576745e-03  -1.8020248e-04  -1.8674960e-03
   1.5065422e-01  -6.1968827e-02   1.2527645e-01   1.5850912e-04  -2.5391958e-03   2.4153508e-03
   1.7627174e-01   5.1030824e-02   2.1067236e-01  -1.8165432e-03  -2.4826890e-04  -1.5569989e-03
   1.4645028e-01   3.0719709e-02   2.9895221e-01  -3.8701294e-04  -2.5730608e-03   2.4567855e-03
   1.7791850e-01   2.2768115e-02   1.5878324e-01  -1.5813974e-03  -2.2078711e-04  -2.2561333e-03
   1.6138473e-01  -8.0402353e-02   1.6886060e-01  -3.6205181e-04  -2.5610416e-03   2.3921338e-03
   1.7833429e-01   7.5106166e-02   3.1407450e-01  -2.2211227e-03  -3.1995575e-04  -1.8819368e-03
   1.5048240e-01  -5.4713059e-02   1.3721709e-01  -9.4792053e-05  -2.6792100e-03   2.3116188e-03
   1.7844937e-01   9.3896747e-03   1.9608254e-01  -1.8219450e-03  -3.3899567e-04  -2.0674946e-03
   1.4844464e-01  -2.9972295e-02   1.8639744e-01  -2.5892746e-04  -2.8309715e-03   2.5998392e-03
   1.8178129e-01   5.2452297e-02   2.2177762e-01  -2.2445088e-03  -2.5391730e-04  -1.9648869e-03
   1.4420374e-01  -9.2358844e-02   1.1073513e-01  -3.4197735e-04  -2.8964037e-03   2.1809250e-03
   1.7076125e-01   1.0790081e-02   2.2285216e-01  -1.8520368e-03  -6.5007469e-04  -1.8283121e-03
   1.2724316e-01  -4.4711270e-02   1.0326981e-01   5.5493014e-05  -3.0249351e-03   2.2384863e-03
   1.7073676e-01  -2.8235822e-04   1.3242901e-01  -1.5723279e-03  -6.8971883e-04  -2.0613066e-03
   1.2574649e-01  -1.7805441e-02   1.9584530e-01   1.5209944e-04  -3.2607517e-03   2.1879129e-03
   1.3926051e-01   2.2009852e-03   1.1774928e-01  -1.1279784e-03  -1.2547602e-03  -2.3256184e-03
   8.6798303e-02   8.0787182e-03   2.1086896e-01   9.7346537e-04  -4.0118482e-03   1.7487647e-03
   1.1583469e-01   5.8529304e-02   1.3404346e-01  -4.3145097e-04  -1.7274139e-03  -2.7113073e-03
   8.9654879e-02  -3.5374116e-02   6.5012409e-02   1.2690869e-03  -3.9840230e-03   1.8383923e-03
   8.7002168e-02   3.8457326e-02   4.3402934e-02  -3.3702025e-05  -2.2217711e-03  -3.2522898e-03
   6.7624154e-02  -4.6949207e-02   5.4806260e-02   2.3092014e-03  -4.2085504e-03   1.6213463e-03
   8.3724313e-02   1.2611545e-01   2.1662815e-01   8.0133639e-04  -2.3001442e-03  -2.5502256e-03
   4.1054044e-02  -3.9026123e-02  -2.4452955e-02   2.9381667e-03  -5.0379050e-03   1.5681144e-03
   6.7468824e-02   8.6273082e-02   9.5135648e-02   1.6830820e-03  -3.0165409e-03  -2.6314342e-03
   2.5185670e-02   9.0966068e-02   1.9116254e-01   2.9710114e-03  -5.7485722e-03   1.2670836e-03
   6.9226723e-02   7.5234003e-02   8.0396568e-02   1.4279958e-03  -2.5745872e-03  -2.8041286e-03
   1.3467251e-02   6.1879888e-02   1.6676780e-01   3.6297595e-03  -5.7328216e-03   1.3279583e-03
   3.2008674e-02   1.5384212e-01   1.8026654e-01   2.1134393e-03  -3.9251303e-03  -3.1651489e-03
  -8.4045309e-04   2.6382756e-02   7.6012060e-02   3.5809711e-03  -5.9011943e-03   9.8613205e-04
   2.5509959e-02   1.7975578e-01   2.1283923e-01   2.1597602e-03  -4.2577072e-03  -3.5954331e-03
   7.3738786e-05  -2.5331372e-02  -7.3767003e-03   3.7763568e-03  -5.9003236e-03   6.4469245e-04
   3.5269816e-02   6.7847014e-02   1.0668432e-01   1.8588983e-03  -4.1272329e-03  -3.4082930e-03
   2.8629277e-03   2.9189222e-02   1.3142132e-01   3.2838159e-03  -6.6258616e-03   8.1319065e-04
   2.3310884e-02   1.7296505e-02  -8.0826928e-02   1.8288931e-03  -4.1198994e-03  -3.7980418e-03
  -2.3081727e-02  -1.4917207e-02   4.8433544e-02   3.4111532e-03  -6.9091468e-03   5.1292358e-04
   2.0328501e-02   8.1229783e-02   7.0626100e-02   1.7100575e-03  -4.5271652e-03  -3.7416277e-03
  -2.0738314e-03  -9.5996310e-02  -1.1800396e-01   3.2826760e-03  -6.0009668e-03   5.2068957e-04
   4.0818374e-02   4.3190302e-03  -3.5120032e-02   1.2047677e-03  -3.6130729e-03  -3.8708968e-03
   1.7670935e-02  -5.2976692e-03   9.7210056e-03   2.8489374e-03  -5.7503494e-03   6.7145390e-04
   5.1795207e-02  -3.2593542e-02  -1.1742793e-01   1.5296745e-03  -3.5414080e-03  -3.7141016e-03
   2.0784533e-02  -4.3884531e-02  -8.2717369e-03   3.1310909e-03  -5.7811446e-03   6.6624379e-04
   5.4906843e-02   7.7848136e-02   7.5594758e-02   1.3227408e-03  -3.5260554e-03  -3.6371132e-03
   2.2893018e-02  -8.2625188e-02  -1.0846622e-01   3.1434335e-03  -5.5871234e-03   5.6271717e-04
   2.0480782e-02   2.9083217e-01   9.0363099e-02   5.1974808e-03  -3.9402590e-03  -2.9338277e-03
  -1.3174803e-02   2.8561157e-01   1.5102068e-01   7.9929750e-03  -5.7846157e-03   1.4549083e-03
   2.0480782e-02   2.9083217e-01   9.0363099e-02   5.1974808e-03  -3.9402590e-03  -2.9338277e-03
  -1.3174803e-02   2.8561157e-01   1.5102068e-01   7.9929750e-03  -5.7846157e-03   1.4549083e-03
   2.5911892e-02   2.8959765e-01   7.0362992e-02   5.5646454e-03  -3.8417848e-03  -2.9259703e-03
  -1.5071973e-02   2.4260395e-01   7.3123822e-02   7.8870297e-03  -5.6867301e-03   1.3188180e-03
   1.5512735e-02   3.1627638e-01   1.3552317e-01   5.4183111e-03  -4.5971258e-03  -2.8366655e-03
  -1.5444462e-02   1.6949811e-01  -1.3603762e-02   7.2514583e-03  -5.4597148e-03   1.2858229e-03
   2.5404367e-02   3.4443082e-01   1.4061610e-01   5.5311252e-03  -4.6228977e-03  -2.3527440e-03
  -1.6634455e-02   1.7988190e-01  -3.8318925e-02   7.6400446e-03  -5.7428373e-03   1.0590435e-03
   1.8270996e-02   3.8926546e-01   1.6916429e-01   5.7889623e-03  -4.6987185e-03  -2.7736431e-03
  -1.9897020e-02   2.4099630e-01   3.5097558e-02   7.2051480e-03  -5.9321721e-03   9.5598477e-04
   3.2242031e-02   2.5748400e-01  -3.6332886e-02   5.6459179e-03  -3.9382147e-03  -2.5812791e-03
  -1.7383655e-02   2.5527952e-01   8.1421129e-02   7.5286457e-03  -5.6414521e-03   1.4657139e-03
   2.6153426e-02   3.7376189e-01   1.7858249e-01   5.5443011e-03  -4.4158037e-03  -2.6024285e-03
  -8.5836113e-03   2.2308117e-01  -4.2179460e-02   7.6544046e-03  -5.5951986e-03   8.9587181e-04
   2.9209349e-02   4.0016713e-01   2.2611500e-01   6.1384037e-03  -4.5265071e-03  -2.5481650e-03
  -2.0709685e-02   2.0079718e-01  -6.6212743e-02   7.8686227e-03  -5.8646999e-03   1.0132063e-03
   1.5027246e-02   3.6194689e-01   1.4394225e-01   6.1573882e-03  -4.8353285e-03  -2.7259158e-03
  -2.3660291e-02   1.6013968e-01  -1.0340487e-01   7.4347472e-03  -6.0333708e-03   1.1064430e-03
   2.0191060e-02   3.0679009e-01   8.0578190e-03   6.0557753e-03  -4.1891047e-03  -2.8919848e-03
  -2.1601500e-02   3.1648228e-01   1.6576751e-01   7.9119099e-03  -6.1556466e-03   1.2440863e-03
   1.9130596e-02   2.3357258e-01  -1.0507729e-01   5.5394212e-03  -4.2765169e-03  -2.9285767e-03
  -3.9159787e-02   2.9111976e-01   1.0036297e-01   7.9564902e-03  -6.5778529e-03   1.1896075e-03
   6.1785462e-03   2.8176406e-01  -3.2935591e-02   5.5391075e-03  -4.4519968e-03  -2.7500440e-03
  -4.8329158e-02   1.7385651e-01  -7.9227077e-02   7.7619165e-03  -6.3600288e-03   1.1286974e-03
   4.5206069e-03   3.3798116e-01   6.5046076e-02   5.8184199e-03  -4.6824745e-03  -2.6812386e-03
  -8.7417449e-02   2.2742838e-01  -1.0130873e-01   7.8515045e-03  -8.9333320e-03  -8.8265736e-04
  -6.6003942e-03   3.7485192e-01   1.6988765e-01   6.2447345e-03  -5.3127874e-03  -3.2030437e-03
  -5.8207896e-02   1.5321399e-01  -1.5779287e-01   7.1494257e-03  -6.4901895e-03   2.2100808e-04
  -3.9338118e-03   2.5347286e-01  -1.1032986e-01   5.9911257e-03  -4.6439402e-03  -3.1315981e-03
  -4.9804950e-02   2.6375483e-01  -2.4336332e-02   8.1807022e-03  -7.1089270e-03   6.6993593e-04
  -2.6186249e-04   2.5646817e-01  -9.1068665e-02   5.5515760e-03  -4.9274773e-03  -3.3478000e-03
  -5.0767780e-02   3.5523732e-01   1.4043117e-01   7.8478405e-03  -6.6396711e-03   7.7097953e-04
   1.3190654e-03   2.3345608e-01  -1.0865521e-01   5.6384554e-03  -4.9108029e-03  -3.2613039e-03
  -5.3685894e-02   2.9736628e-01   1.1027421e-01   8.1883836e-03  -7.2287807e-03   7.7102138e-04
  -7.0654530e-03   2.6430003e-01  -9.0118949e-02   5.8435767e-03  -5.1259236e-03  -3.1846642e-03
  -5.1335432e-02   2.5718416e-01   2.1004958e-02   8.2621237e-03  -6.6987486e-03   9.1488611e-04
  -7.8994598e-03   4.1594948e-01   1.7398922e-01   6.3313161e-03  -5.4316258e-03  -2.9065619e-03
  -4.4477237e-02   1.8998361e-01  -1.4473640e-01   7.6073440e-03  -6.6639078e-03   8.4869786e-04
  -6.6712456e-03   3.1371277e-01   1.3704061e-02   6.1723956e-03  -5.0672916e-03  -3.2127466e-03
  -5.5445075e-02   2.7172168e-01  -4.0563099e-04   8.1145178e-03  -6.7821278e-03   6.9933610e-04
  -3.8401516e-03   2.3412660e-01  -1.2263834e-01   5.7358408e-03  -4.9241294e-03  -3.1330086e-03
  -5.7104592e-02   3.0544615e-01   6.2164449e-02   8.0768444e-03  -7.1048101e-03   8.1410229e-04
  -8.4536525e-03   2.4274616e-01  -1.2217639e-01   5.8898970e-03  -5.0802458e-03  -3.2452201e-03
  -6.1187136e-02   2.9150392e-01   5.7745075e-02   8.4746424e-03  -6.9037308e-03   9.0275577e-04
  -1.6096754e-02   3.4083946e-01   2.7861691e-02   6.1934784e-03  -5.3527175e-03  -3.1371867e-03
  -6.2187557e-02   2.7057681e-01   6.8532017e-03   8.3654731e-03  -7.2554037e-03   9.1627188e-04
  -1.6187919e-02   4.0507030e-01   1.3986139e-01   6.3983746e-03  -5.5531436e-03  -3.0044316e-03
  -5.3469364e-02   2.0606679e-01  -1.0707900e-01   8.3208163e-03  -6.8989814e-03   8.8888139e-04
  -1.5944290e-02   4.0993037e-01   1.8943089e-01   6.7760958e-03  -5.5727429e-03  -2.8470288e-03
  -5.6425015e-02   3.5882986e-01   1.2950266e-01   8.5120508e-03  -7.0641075e-03   8.2419076e-04
  -1.0629428e-02   2.9590199e-01  -8.3727870e-02   6.3542671e-03  -4.9879488e-03  -3.1640334e-03
  -6.7486927e-02   3.7900562e-01   1.6025952e-01   8.2265729e-03  -7.1179853e-03   8.2048675e-04
  -1.4813988e-02   3.1260580e-01  -7.8622239e-02   5.8534725e-03  -5.1698398e-03  -3.3618245e-03
  -6.3036278e-02   2.6313820e-01  -3.1000620e-02   8.1409245e-03  -7.4104709e-03   7.6532554e-04
  -2.0736591e-02   4.4573672e-01   2.1433967e-01   6.6074790e-03  -5.6509982e-03  -2.9844278e-03
  -5.2493972e-02   1.6617925e-01  -1.9693842e-01   7.9009812e-03  -6.8984773e-03   7.0399296e-04
  -1.1968789e-02   3.7287404e-01   1.2548058e-01   6.2706163e-03  -5.5955771e-03  -3.0104469e-03
  -6.4469736e-02   2.2383559e-01  -1.0450919e-01   7.9703132e-03  -7.2555802e-03   6.9743470e-04
  -1.4375150e-02   2.5052300e-01  -1.1678865e-01   5.8837097e-03  -5.3194403e-03  -3.3524418e-03
  -7.1993321e-02   2.9483511e-01   2.0924209e-02   8.2806893e-03  -7.1735298e-03   7.7683724e-04
  -1.4591243e-02   2.5246310e-01  -1.1217579e-01   6.1365251e-03  -5.1220455e-03  -3.3086118e-03
  -6.5168899e-02   3.0509201e-01   4.6442952e-02   8.6004058e-03  -7.2948368e-03   7.3767536e-04
  -2.4781844e-02   2.8599460e-01  -9.0845934e-02   5.9275739e-03  -5.1830836e-03  -3.6126851e-03
  -6.6211649e-02   2.0860536e-01  -1.4283793e-01   8.1448840e-03  -7.2913359e-03   5.5994622e-04
  -1.8517368e-02   4.1302651e-01   1.9086014e-01   6.2260045e-03  -5.5008781e-03  -3.1025616e-03
  -5.6905520e-02   1.7487278e-01  -2.0004635e-01   8.4525303e-03  -7.1616540e-03   7.5811643e-04
  -2.2035182e-02   3.5442501e-01   1.5607933e-02   6.5853005e-03  -5.5776434e-03  -3.1975889e-03
  -6.3688741e-02   1.8792339e-01  -1.2938726e-01   8.1666668e-03  -7.4559804e-03   5.8725340e-04
  -1.9640705e-02   2.3243953e-01  -1.4873347e-01   6.5071575e-03  -5.2597076e-03  -3.2582828e-03
  -7.8695263e-02   2.2136057e-01  -1.2584946e-01   8.1250078e-03  -7.7608500e-03   2.9662825e-04
  -2.6974487e-02   3.8552495e-01   7.2729079e-02   6.7552090e-03  -5.8818038e-03  -3.2620646e-03
  -5.4806037e-02   1.4586629e-01  -2.4355975e-01   8.0505805e-03  -7.1189295e-03   5.3171998e-04
  -2.7977642e-02   4.2003539e-01   1.1411309e-01   7.1115723e-03  -5.7536229e-03  -3.2729925e-03
  -6.7667201e-02   2.3135916e-01  -1.0521047e-01   7.9732428e-03  -7.0951433e-03   7.5544707e-04
  -1.7167050e-02   3.0193085e-01  -2.1027245e-02   6.0490967e-03  -5.3019161e-03  -3.3470669e-03
  -7.1185702e-02   3.2090675e-01   8.4385168e-02   8.4496276e-03  -7.5450829e-03   8.1908581e-04
  -1.3043961e-02   2.5090487e-01  -1.2982272e-01   6.1703714e-03  -5.2141391e-03  -3.3195819e-03
  -6.5659907e-02   3.2483451e-01   8.2420494e-02   8.4599444e-03  -7.5539531e-03   7.7733162e-04
  -2.7914825e-02   3.6424985e-01  -1.1780775e-02   6.7454402e-03  -5.6661983e-03  -3.4699300e-03
  -6.2126129e-02   2.0994566e-01  -1.4258342e-01   8.4487998e-03  -7.1384485e-03   7.6700165e-04
  -1.6110466e-02   3.6004564e-01   6.1817185e-02   6.6802517e-03  -5.3833884e-03  -3.0215344e-03
  -7.5750457e-02   3.4272219e-01   5.5663738e-02   8.8359569e-03  -7.5784031e-03   7.9255169e-04
  -2.1158380e-02   2.7122187e-01  -1.3106177e-01   6.4228032e-03  -5.4856274e-03  -3.6419063e-03
  -6.9357680e-02   3.3255486e-01   1.0331374e-01   8.8700178e-03  -7.2759169e-03   9.3282979e-04
  -2.3358090e-02   4.1601328e-01   9.3471046e-02   6.5040430e-03  -5.5947000e-03  -3.1958625e-03
  -6.8309478e-02   1.9105566e-01  -2.0007107e-01   8.4853562e-03  -7.2010774e-03   6.6531424e-04
  -3.4090621e-02   4.4654987e-01   2.3433382e-01   6.8823244e-03  -5.5942224e-03  -3.5030951e-03
  -5.8308676e-02   1.6907145e-01  -2.0943471e-01   8.0131125e-03  -7.2412912e-03   9.9276805e-04
  -3.1075890e-02   4.3352395e-01   1.7253634e-01   6.8737805e-03  -5.7179974e-03  -3.2148367e-03
  -7.0211370e-02   2.1066363e-01  -1.4267872e-01   8.4023949e-03  -7.3549805e-03   8.9359555e-04
  -3.1960766e-02   4.1315800e-01   1.3104114e-01   6.6277560e-03  -5.5048055e-03  -3.3706532e-03
  -7.2134068e-02   1.4047422e-01  -2.5618950e-01   8.0170711e-03  -7.2876790e-03   7.7850748e-04
  -2.6331799e-02   3.4361323e-01   6.0980651e-02   6.6130943e-03  -5.6729517e-03  -3.2199579e-03
  -8.0619619e-02   2.7837972e-01  -2.7679700e-02   8.4841505e-03  -7.2747022e-03   6.8141469e-04
  -2.5308902e-02   2.4614988e-01  -1.4365997e-01   6.2598611e-03  -5.3053608e-03  -3.4772731e-03
  -8.3450418e-02   3.2367001e-01   7.1516916e-02   8.7745187e-03  -7.6480428e-03   7.1713561e-04
  -3.5769426e-02   3.6433341e-01   2.0417846e-02   6.6464199e-03  -5.6646694e-03  -3.5220007e-03
  -7.8420055e-02   1.9788878e-01  -1.7372429e-01   8.5013188e-03  -7.8168872e-03   6.6303389e-04
   1.1800535e-01  -5.7985541e-02  -2.1846531e-01   1.1892816e-03  -2.7371519e-03  -4.8442567e-03
   1.0670655e-01  -1.9106846e-01  -3.1079154e-01   3.1506454e-03  -4.0055118e-03  -4.5423776e-04
   1.1800535e-01  -5.7985541e-02  -2.1846531e-01   1.1892816e-03  -2.7371519e-03  -4.8442567e-03
   1.0670655e-01  -1.9106846e-01  -3.1079154e-01   3.1506454e-03  -4.0055118e-03  -4.5423776e-04
   1.2361512e-01  -2.8381105e-02  -1.6152525e-01   1.3981272e-03  -3.1458333e-03  -4.8753899e-03
   9.9882054e-02  -1.2671365e-01  -2.4530584e-01   2.7476545e-03  -4.1654185e-03  -5.8628213e-04
   1.1137983e-01  -9.3404677e-02  -3.4191573e-01   1.5349270e-03  -2.9911349e-03  -4.8541336e-03
   9.8169583e-02  -2.0068045e-01  -2.9773480e-01   3.3144256e-03  -4.1415845e-03  -5.6040129e-04
   1.1964543e-01  -1.5612636e-02  -1.8176782e-01   1.2668748e-03  -3.6221145e-03  -4.9294918e-03
   9.9175097e-02  -1.3206875e-01  -2.6080230e-01   2.5907708e-03  -4.5356129e-03  -8.7170696e-04
   1.1378975e-01  -1.1192735e-01  -2.6657682e-01   1.2857325e-03  -3.0368143e-03  -5.0257928e-03
   1.0396436e-01  -1.7716972e-01  -2.5307108e-01   2.2867439e-03  -4.4279022e-03  -5.3641893e-04
   1.2824249e-01  -5.6366350e-02  -1.8869972e-01   7.8948669e-04  -3.0682735e-03  -5.0685083e-03
   1.0682829e-01  -1.5456331e-01  -2.6729430e-01   2.2411360e-03  -4.4903629e-03  -5.3766738e-04
   1.1570430e-01  -1.1914779e-01  -3.0675859e-01   1.1371724e-03  -3.1147827e-03  -5.1591168e-03
   1.0041267e-01  -1.5979391e-01  -2.6775615e-01   2.8404731e-03  -4.4006536e-03  -6.4061528e-04
   1.2840078e-01  -5.9825712e-02  -2.7749400e-01   8.5453297e-04  -2.9451965e-03  -5.3850470e-03
   1.0703182e-01  -2.4043488e-01  -4.3518748e-01   2.5988685e-03  -4.1831776e-03  -8.8244541e-04
   1.3213628e-01  -1.3767812e-01  -3.4270730e-01   1.3877569e-03  -2.9831633e-03  -4.9714715e-03
   1.1427602e-01  -1.4669893e-01  -2.4782926e-01   2.2956411e-03  -4.4549626e-03  -7.8917839e-04
   1.3149804e-01  -8.8932632e-02  -2.9511163e-01   5.5020190e-04  -3.1779060e-03  -5.1995523e-03
   1.1568042e-01  -2.4492980e-01  -3.8793019e-01   2.6482356e-03  -4.2713548e-03  -8.2791040e-04
   1.3479796e-01  -1.1997563e-01  -2.8355012e-01   8.5489444e-04  -3.2031912e-03  -5.2006793e-03
   1.2044377e-01  -1.6491196e-01  -2.8804116e-01   2.0587137e-03  -4.6392083e-03  -1.0111797e-03
   1.3834024e-01  -1.4695439e-01  -3.9650167e-01   9.6151783e-04  -3.1158025e-03  -5.0292114e-03
   1.1878580e-01  -2.1312242e-01  -3.2226274e-01   2.2317612e-03  -4.3003992e-03  -8.1993097e-04
   1.3238457e-01  -7.5422384e-02  -2.5362099e-01   6.2129961e-04  -3.1790160e-03  -5.4601707e-03
   1.1905672e-01  -2.6196065e-01  -4.2871593e-01   2.2848508e-03  -4.4008492e-03  -1.0292372e-03
   1.3152812e-01  -1.2279237e-01  -3.1115780e-01   5.2831228e-04  -3.0093467e-03  -5.3617691e-03
   1.1296224e-01  -1.8125199e-01  -3.1248968e-01   2.1228419e-03  -4.6730025e-03  -1.2835648e-03
   1.3304966e-01  -1.7939150e-01  -4.0165263e-01   7.1620081e-04  -3.2187723e-03  -5.5924720e-03
   1.1182512e-01  -2.4532960e-01  -3.6073130e-01   2.0803735e-03  -4.6888471e-03  -1.2649103e-03
   1.3668612e-01  -5.8985091e-02  -2.9133413e-01   5.6482594e-04  -3.3362301e-03  -5.4866725e-03
   1.1090883e-01  -2.7347187e-01  -4.3297907e-01   2.3469313e-03  -4.5639071e-03  -1.4511572e-03
   1.3059286e-01  -1.8084029e-01  -3.8073993e-01   9.1207888e-04  -3.2354703e-03  -5.7714952e-03
   1.0651063e-01  -1.7702338e-01  -2.9821656e-01   1.6875783e-03  -4.8579977e-03  -1.4043088e-03
   1.2991322e-01  -1.8146829e-01  -4.0869205e-01   8.1228887e-04  -3.1316736e-03  -5.7424214e-03
   1.1331420e-01  -2.7484027e-01  -4.2342147e-01   2.4578659e-03  -4.5170428e-03  -1.2839674e-03
   1.2810762e-01  -1.3280792e-01  -3.0195874e-01   8.1491539e-04  -3.3377685e-03  -5.6353698e-03
   1.1572425e-01  -1.6102300e-01  -3.1416439e-01   2.0012885e-03  -4.5567649e-03  -1.2807976e-03
   1.3371553e-01  -1.8436138e-01  -4.1855991e-01   8.3888833e-04  -3.2550769e-03  -5.6844845e-03
   1.0826131e-01  -2.7304390e-01  -4.1070591e-01   2.4084776e-03  -4.7262957e-03  -1.2619723e-03
   1.3295687e-01  -1.1410581e-01  -2.8865137e-01   4.1523839e-04  -3.4202920e-03  -5.9262458e-03
   1.0433094e-01  -2.4385215e-01  -4.4677750e-01   2.4669330e-03  -4.6972776e-03  -1.3994762e-03
   1.2509909e-01  -1.7156729e-01  -3.9520807e-01   5.7780214e-04  -3.2697375e-03  -5.9746448e-03
   9.8794109e-02  -1.9784018e-01  -2.9671760e-01   2.1512247e-03  -5.1352626e-03  -1.4690843e-03
   1.2450290e-01  -1.4380386e-01  -3.3038153e-01   5.9747337e-04  -3.6223463e-03  -5.8297310e-03
   1.1271036e-01  -2.7075862e-01  -4.6330332e-01   2.3675652e-03  -4.6045567e-03  -1.3058749e-03
   1.2778189e-01  -1.4953693e-01  -3.4090108e-01   9.2669654e-04  -3.1126564e-03  -5.7264279e-03
   1.0838190e-01  -2.4953156e-01  -4.2084886e-01   2.5444821e-03  -4.8256622e-03  -1.3916360e-03
   1.2649332e-01  -1.5803654e-01  -4.2593787e-01   9.3028181e-04  -3.1480356e-03  -5.9618967e-03
   1.0668473e-01  -1.6519524e-01  -2.8078972e-01   2.2916846e-03  -5.0882151e-03  -1.4906259e-03
   1.2860506e-01  -1.4327348e-01  -3.7280656e-01   5.8818703e-04  -3.4256590e-03  -6.0874964e-03
   1.0986670e-01  -2.8555969e-01  -4.2684062e-01   2.4541587e-03  -4.8020163e-03  -1.0214316e-03
   1.2362148e-01  -1.4444391e-01  -3.5079902e-01   8.1612826e-04  -3.5661610e-03  -5.8778798e-03
   1.2118964e-01  -1.7640874e-01  -2.8618287e-01   1.4459798e-03  -4.9612106e-03  -1.4777161e-03
   1.3193430e-01  -1.6555866e-01  -3.8464167e-01   5.5414767e-04  -3.4604813e-03  -6.1312788e-03
   1.0767161e-01  -2.6451153e-01  -4.2034926e-01   2.0954067e-03  -5.1992159e-03  -1.4200950e-03
   1.2373175e-01  -1.2147947e-01  -2.7669170e-01   2.9281400e-04  -4.0225713e-03  -6.1357198e-03
   1.0377566e-01  -1.8445281e-01  -3.0103626e-01   2.0110681e-03  -5.4477320e-03  -1.4973579e-03
   1.1874674e-01  -1.5739649e-01  -4.0516471e-01   5.9082015e-04  -3.7931498e-03  -6.2010538e-03
   1.0261497e-01  -2.1924375e-01  -3.2046411e-01   1.8248180e-03  -5.4507578e-03  -1.6671343e-03
   1.2033959e-01  -8.0312585e-02  -2.7449978e-01   2.7131764e-04  -3.8848770e-03  -6.4568019e-03
   1.0350238e-01  -2.5899698e-01  -4.1993305e-01   1.7781158e-03  -5.5250973e-03  -1.8012261e-03
   1.1421795e-01  -1.3143465e-01  -2.9065153e-01   3.4448755e-04  -4.0107909e-03  -6.5498608e-03
   9.5321681e-02  -1.9491485e-01  -3.1523469e-01   1.4926457e-03  -5.7128715e-03  -1.7858114e-03
   1.0664394e-01  -1.7040028e-01  -3.8443933e-01   2.9950369e-04  -3.8721167e-03  -6.5844644e-03
   9.3143026e-02  -2.5940917e-01  -3.6382439e-01   2.2534050e-03  -5.7820433e-03  -1.8505155e-03
   1.1686165e-01  -6.8817885e-02  -2.7412609e-01  -4.5554463e-04  -4.2934508e-03  -6.4994497e-03
   9.2425477e-02  -2.5889084e-01  -3.9558954e-01   1.6240458e-03  -5.8646567e-03  -1.8451090e-03
   1.0700386e-01  -1.8639122e-01  -3.9342071e-01   2.7064755e-04  -3.9866606e-03  -6.3615134e-03
   9.5911585e-02  -1.7919682e-01  -2.8281251e-01   1.1778267e-03  -6.0048555e-03  -2.0461528e-03
   1.1190086e-01  -1.7640115e-01  -3.6884449e-01   3.3180815e-04  -3.9369027e-03  -6.5425131e-03
   9.6035335e-02  -2.5925180e-01  -3.9264278e-01   1.8401274e-03  -5.6006174e-03  -1.5318212e-03
   1.0803817e-01  -8.8232179e-02  -2.4847340e-01  -2.4005673e-04  -4.2987189e-03  -6.6514280e-03
   9.4495875e-02  -2.6548071e-01  -4.1155914e-01   2.0702798e-03  -5.5993378e-03  -1.5205260e-03
   1.0818896e-01  -1.7822414e-01  -3.9204170e-01   5.2048634e-06  -3.8601547e-03  -6.4100215e-03
   8.7598740e-02  -1.9744203e-01  -2.7005922e-01   1.6350526e-03  -5.8200428e-03  -1.7030022e-03
   1.0374875e-01  -1.2109782e-01  -2.8336995e-01  -2.6569596e-04  -3.8281197e-03  -6.9096445e-03
   9.6883936e-02  -2.5022894e-01  -3.9176118e-01   1.7191713e-03  -5.4043542e-03  -1.3877615e-03
   1.0305532e-01  -3.4490417e-02  -1.6203724e-01  -2.3752438e-04  -4.3254126e-03  -6.8266286e-03
   1.0263185e-01  -2.7447517e-01  -4.0104651e-01   1.6972450e-03  -5.7170951e-03  -1.7850394e-03
   1.1183234e-01  -1.7071514e-01  -3.4845952e-01   5.4844539e-05  -3.9424690e-03  -6.6239695e-03
   1.0128186e-01  -1.9056949e-01  -2.4154623e-01   1.6382519e-03  -5.8499622e-03  -1.7725708e-03
   1.2232960e-01  -1.8023539e-01  -4.0248653e-01   2.4653695e-04  -4.0088408e-03  -6.5875547e-03
   1.0206289e-01  -2.7337092e-01  -3.9812591e-01   1.9307331e-03  -5.5579464e-03  -1.8536131e-03
   1.1688337e-01  -5.9839135e-02  -2.8315031e-01   3.4936845e-04  -3.8868254e-03  -6.7434361e-03
   9.9286971e-02  -2.5042437e-01  -4.2936064e-01   2.0161252e-03  -5.7658488e-03  -1.7544422e-03
   1.1863488e-01  -1.6812980e-01  -3.6651595e-01  -6.2597321e-04  -3.6735623e-03  -7.2247928e-03
   1.0363991e-01  -3.3172022e-01  -4.7948635e-01   1.3114751e-03  -5.4613119e-03  -1.9522175e-03
   1.2682817e-01  -1.0046402e-01  -2.6386885e-01  -5.8277599e-04  -3.9373640e-03  -6.9751681e-03
   9.2802771e-02  -3.1692978e-01  -4.8887843e-01   1.6154823e-03  -5.7471645e-03  -2.2873175e-03
   1.2290194e-01  -2.2042294e-01  -4.7102927e-01  -7.3515135e-05  -3.0702929e-03  -6.5515807e-03
   1.1904837e-01  -2.2650946e-01  -3.2188804e-01   8.9771125e-04  -5.0814270e-03  -2.1492693e-03
   1.3148944e-01  -1.5988667e-01  -3.6862498e-01  -3.4704462e-04  -3.3846312e-03  -6.6614400e-03
   1.1192782e-01  -3.2134529e-01  -4.6275492e-01   1.1682886e-03  -5.3123491e-03  -1.8007815e-03
   1.2501541e-01  -1.5706598e-01  -3.3834723e-01  -3.7371327e-04  -3.3298645e-03  -6.6696512e-03
   1.0654682e-01  -3.2784043e-01  -4.7641702e-01   1.3678933e-03  -5.5656344e-03  -1.9756458e-03
   1.2781041e-01  -1.9780071e-01  -4.1168706e-01  -3.2449150e-04  -3.4296632e-03  -6.6930538e-03
   1.0462643e-01  -2.0004202e-01  -2.8557000e-01   8.2606144e-04  -5.5927481e-03  -2.2051120e-03
