-8  -6.75  1.00245  0.996202  0.491275  0.488072
-5.33333  -4.08333  0.991336  1.00338  0.485714  0.491569
-2.66667  -1.41667  1.00621  1.00042  0.493006  0.490104
0  1.25  1.20835  1.19877  0.591975  0.58729
2.66667  3.91667  0.99964  0.992756  0.489813  0.486448
5.33333  6.58333  0.998744  0.987744  0.489559  0.483961
8  9.25  1.00323  1.00922  0.491556  0.494672
10.6667  11.9167  1.02695  1.01541  0.503426  0.49804
13.3333  14.5833  1.02988  1.0105  0.50497  0.495115
16  17.25  1.01475  1.00805  0.497149  0.49393
18.6667  19.9167  1.0181  1.01184  0.498926  0.495893
21.3333  22.5833  1.02833  1.01338  0.503904  0.496842
24  25.25  1.01283  1.0157  0.496668  0.498044
26.6667  27.9167  1.01283  1.02466  0.498491  0.502352
29.3333  30.5833  1.02647  1.01464  0.503021  0.497342
32  33.25  1.01762  1.01898  0.49865  0.499676
34.6667  35.9167  1.01834  1.02887  0.499529  0.504795
37.3333  38.5833  1.03986  1.02678  0.511075  0.503761
40  41.25  1.02297  1.02549  0.502248  0.503057
42.6667  43.9167  1.03544  1.0293  0.508402  0.505191
45.3333  46.5833  1.03142  1.02817  0.506038  0.504511
48  49.25  1.0357  1.03603  0.508669  0.508944
50.6667  51.9167  1.03548  1.03809  0.50885  0.510578
53.3333  54.5833  1.04104  1.03286  0.511714  0.507608
56  57.25  1.04356  1.03274  0.512208  0.506866
58.6667  59.9167  1.03562  1.03635  0.508832  0.509505
61.3333  62.5833  1.02719  1.04184  0.504969  0.51255
64  65.25  1.04704  1.04423  0.514823  0.513491
66.6667  67.9167  1.03464  1.03643  0.508502  0.509432
69.3333  70.5833  1.02762  1.04409  0.504755  0.513803
72  73.25  1.04326  1.04142  0.512756  0.512307
74.6667  75.9167  1.0508  1.04533  0.516115  0.515146
77.3333  78.5833  1.05121  1.0412  0.517492  0.512516
80  81.25  1.02613  1.04523  0.504609  0.514541
82.6667  83.9167  1.0427  1.04392  0.513536  0.514142
85.3333  86.5833  1.04406  1.04516  0.514025  0.515247
88  89.25  1.04172  1.04369  0.512487  0.514037
90.6667  91.9167  1.03947  1.04078  0.511284  0.512069
93.3333  94.5833  1.04621  1.04691  0.513733  0.516025
96  97.25  1.04537  1.04763  0.514175  0.51619
98.6667  99.9167  1.0424  1.04856  0.512942  0.516736
101.333  102.583  1.04312  1.04084  0.514369  0.512474
104  105.25  1.03622  1.04048  0.51071  0.512314
106.667  107.917  1.04353  1.05  0.513338  0.518198
109.333  110.583  1.04391  1.04911  0.514203  0.517278
112  113.25  1.04276  1.05141  0.514059  0.518432
114.667  115.917  1.04851  1.05443  0.516156  0.520486
117.333  118.583  1.04618  1.05547  0.514978  0.520993
120  121.25  1.05471  1.04918  0.520117  0.517731
122.667  123.917  1.04594  1.0473  0.514384  0.517157
125.333  126.583  1.04459  1.05421  0.514265  0.521434
128  129.25  1.05093  1.04993  0.518007  0.51818
130.667  131.917  1.05936  1.05518  0.521686  0.522103
133.333  134.583  1.05026  1.04759  0.5174  0.517366
136  137.25  1.03997  1.04551  0.511584  0.515348
138.667  139.917  1.04822  1.0535  0.515995  0.520589
141.333  142.583  1.04971  1.06263  0.517203  0.526871
144  145.25  1.05919  1.05597  0.522657  0.523099
146.667  147.917  1.05108  1.05667  0.518186  0.523378
149.333  150.583  1.03962  1.05702  0.512595  0.523049
152  153.25  1.04686  1.05618  0.51624  0.522657
154.667  155.917  1.04398  1.06269  0.514859  0.526314
157.333  158.583  1.04645  1.05533  0.516337  0.521285
160  161.25  1.0533  1.05757  0.51923  0.523464
162.667  163.917  1.05112  1.05935  0.519388  0.526487
165.333  166.583  1.05478  1.06089  0.521788  0.526021
168  169.25  1.05578  1.05315  0.521204  0.522362
170.667  171.917  1.04745  1.04973  0.516686  0.519633
173.333  174.583  1.05692  1.06715  0.519887  0.531259
176  177.25  1.07015  1.06903  0.530375  0.530243
178.667  179.917  1.05398  1.05965  0.51988  0.525982
181.333  182.583  1.04953  1.05968  0.517632  0.525111
184  185.25  1.05311  1.04994  0.519023  0.519375
186.667  187.917  1.05136  1.05404  0.517532  0.521827
189.333  190.583  1.05375  1.06151  0.519432  0.527576
192  193.25  1.05251  1.05482  0.519512  0.523211
194.667  195.917  1.06139  1.05355  0.524218  0.522711
197.333  198.583  1.04982  1.06001  0.517294  0.527435
200  201.25  1.05548  1.059  0.521072  0.525289
202.667  203.917  1.05755  1.05313  0.521698  0.522538
205.333  206.583  1.05951  1.06023  0.522174  0.526104
208  209.25  1.05921  1.06102  0.523528  0.527169
210.667  211.917  1.05991  1.06016  0.523103  0.527202
213.333  214.583  1.0583  1.05413  0.523068  0.522447
216  217.25  1.0429  1.05636  0.513692  0.52463
218.667  219.917  1.05183  1.06067  0.519544  0.52795
221.333  222.583  1.0605  1.06018  0.523798  0.527893
224  225.25  1.0574  1.06348  0.522727  0.52896
226.667  227.917  1.06089  1.06231  0.523393  0.528387
229.333  230.583  1.06186  1.05895  0.523631  0.525355
232  233.25  1.05983  1.05816  0.523572  0.525789
234.667  235.917  1.05867  1.07289  0.523452  0.534592
237.333  238.583  1.05601  1.06682  0.521224  0.531929
240  241.25  1.06016  1.05982  0.522982  0.527051
242.667  243.917  1.0655  1.05773  0.525319  0.524772
245.333  246.583  1.06246  1.06206  0.525008  0.528923
248  249.25  1.05488  1.05889  0.52306  0.526794
250.667  251.917  1.06185  1.06433  0.523707  0.529684
253.333  254.583  1.06426  1.06182  0.524507  0.528238
256  257.25  1.05879  1.06085  0.523274  0.526709
258.667  259.917  1.05293  1.04465  0.517419  0.516746
261.333  262.583  1.02679  1.03721  0.504391  0.511616
264  265.25  1.03733  1.04567  0.510253  0.517124
266.667  267.917  1.04171  1.02918  0.512949  0.507468
269.333  270.583  1.02068  1.02924  0.500606  0.507281
272  273.25  1.03571  1.02553  0.508648  0.505749
274.667  275.917  1.02159  1.02281  0.50097  0.503307
277.333  278.583  1.02697  1.02952  0.504489  0.507256
280  281.25  1.02452  1.02556  0.5023  0.504895
282.667  283.917  1.02569  1.02549  0.502978  0.505306
285.333  286.583  1.03895  1.02368  0.509892  0.503638
288  289.25  1.02291  1.01899  0.501473  0.501235
290.667  291.917  1.02612  1.01542  0.503426  0.499391
293.333  294.583  1.02811  1.01894  0.504923  0.50165
296  297.25  1.01668  1.01784  0.498654  0.501088
298.667  299.917  1.02021  1.0145  0.500148  0.499023
301.333  302.583  1.02113  1.01572  0.500437  0.499009
304  305.25  1.01733  1.01401  0.498666  0.498262
306.667  307.917  1.00684  1.01404  0.494065  0.498589
309.333  310.583  1.01953  1.01446  0.499719  0.49822
312  313.25  1.00491  1.0077  0.492404  0.494808
314.667  315.917  1.01468  1.01283  0.497384  0.497334
317.333  318.583  1.01398  1.01422  0.496772  0.498055
320  321.25  1.01005  1.01072  0.495358  0.496004
322.667  323.917  1.02129  1.01385  0.500511  0.498284
325.333  326.583  1.01697  1.00786  0.498325  0.495055
328  329.25  1.01849  1.01083  0.499075  0.495709
330.667  331.917  1.01779  1.00773  0.499407  0.49473
333.333  334.583  1.00454  1.00637  0.492477  0.493944
336  337.25  1.00858  1.01049  0.49432  0.495788
338.667  339.917  1.00874  1.01033  0.494421  0.495676
341.333  342.583  1.01604  1.01197  0.497899  0.49621
344  345.25  1.01993  1.00827  0.499721  0.494586
346.667  347.917  1.02265  1.00782  0.501276  0.494472
349.333  350.583  1.02304  1.00629  0.501343  0.49369
352  353.25  1.00544  1.00986  0.492605  0.49557
354.667  355.917  1.02172  1.00818  0.500634  0.494424
357.333  358.583  1.00597  1.0004  0.493004  0.490489
360  361.25  1.01577  1.00203  0.498217  0.491572
362.667  363.917  1.00805  1.0054  0.494093  0.493344
365.333  366.583  1.0167  1.00722  0.498235  0.494288
368  369.25  1.01216  1.00496  0.496059  0.49302
370.667  371.917  1.02256  1.00631  0.501346  0.493889
373.333  374.583  1.01694  1.00969  0.498373  0.495317
376  377.25  1.01459  1.00491  0.497159  0.4928
378.667  379.917  1.01888  1.00336  0.499235  0.491807
381.333  382.583  1.01444  1.0057  0.497305  0.493207
384  385.25  1.00753  1.0041  0.493595  0.492932
386.667  387.917  1.01908  1.00816  0.499656  0.494486
389.333  390.583  1.0161  1.00832  0.497936  0.494508
392  393.25  1.01519  1.00817  0.497685  0.494154
394.667  395.917  1.01587  1.00338  0.497733  0.492101
397.333  398.583  1.01601  1.00233  0.497864  0.491614
400  401.25  1.01735  1.01491  0.498509  0.497589
402.667  403.917  1.01054  1.00117  0.49528  0.490829
405.333  406.583  1.00074  1.00115  0.490488  0.490767
408  409.25  1.00958  1.0027  0.494631  0.491336
410.667  411.917  1.01103  1.00243  0.495399  0.491387
413.333  414.583  1.01305  1.00511  0.496357  0.49262
416  417.25  1.0031  1.00204  0.491727  0.491051
418.667  419.917  1.00136  1.00999  0.490642  0.494948
421.333  422.583  1.02005  1.00607  0.500053  0.493044
424  425.25  1.01291  1.00734  0.49631  0.493679
426.667  427.917  1.00915  1.00769  0.494565  0.493755
429.333  430.583  1.01476  1.00282  0.49742  0.491503
432  433.25  1.00537  1.00639  0.49258  0.493135
434.667  435.917  1.00912  1.00204  0.494397  0.491083
437.333  438.583  1.00808  1.00215  0.494091  0.49102
440  441.25  1.01271  1.00282  0.49614  0.491313
442.667  443.917  1.00304  1.00778  0.491398  0.49373
445.333  446.583  1.01204  1.00814  0.495841  0.494009
448  449.25  1.02515  1.00499  0.502248  0.492417
450.667  451.917  1.00955  1.00424  0.494832  0.492074
453.333  454.583  1.00594  1.00643  0.492866  0.493138
456  457.25  0.999863  1.00294  0.489861  0.491491
458.667  459.917  1.01073  1.00536  0.495187  0.492678
461.333  462.583  1.01738  1.00528  0.498413  0.492653
464  465.25  1.00718  1.00662  0.493549  0.493245
466.667  467.917  1.00984  0.997265  0.494746  0.488565
469.333  470.583  1.00086  1.00019  0.490321  0.490009
472  473.25  1.01432  1.00536  0.496937  0.492565
474.667  475.917  1.00944  0.996519  0.494558  0.488205
477.333  478.583  1.00749  1.0017  0.493698  0.490768
480  481.25  1.01026  1.00451  0.495028  0.492137
482.667  483.917  1.00194  0.997352  0.490867  0.488668
485.333  486.583  1.00907  1.00032  0.494368  0.490095
488  489.25  1.00787  1.00114  0.493778  0.490473
490.667  491.917  1.00434  1.00387  0.492192  0.491813
493.333  494.583  1.00245  0.996202  0.491275  0.488072
496  497.25  0.991336  1.00338  0.485714  0.491569
498.667  499.917  1.00621  1.00042  0.493006  0.490104
