0  0  6
0  0.001  6
0  0.002  3
0  0.003  3
0  0.004  1
0  0.005  4
0  0.006  2
0  0.007  1
0  0.008  1
0  0.009  2
0  0.01  0
0  0.011  0
0  0.012  3
0  0.013  1
0  0.014  2
0  0.015  1
0  0.016  2
0  0.017  2
0  0.018  1
0  0.019  2
0  0.02  0
0  0.021  2
0  0.022  0
0  0.023  1
0  0.024  0
0  0.025  0
0  0.026  0
0  0.027  0
0  0.028  1
0  0.029  0
0  0.03  0
0  0.031  0
0  0.032  0
0  0.033  1
0  0.034  0
0  0.035  0
0  0.036  2
0  0.037  0
0  0.038  1
0  0.039  0
0  0.04  0
0  0.041  0
0  0.042  1
0  0.043  0
0  0.044  0
0  0.045  1
0  0.046  0
0  0.047  0
0  0.048  0
0  0.049  0
0  0.05  0
0  0.051  0
0  0.052  1
0  0.053  0
0  0.054  0
0  0.055  0
0  0.056  0
0  0.057  0
0  0.058  0
0  0.059  0
0  0.06  0
0  0.061  0
0  0.062  0
0  0.063  0
0  0.064  0
0  0.065  0
0  0.066  0
0  0.067  0
0  0.068  0
0  0.069  0
0  0.07  0
0  0.071  0
0  0.072  0
0  0.073  0
0  0.074  0
0  0.075  0
0  0.076  0
0  0.077  0
0  0.078  0
0  0.079  0
0  0.08  0
0  0.081  0
0  0.082  0
0  0.083  1
0  0.084  0
0  0.085  0
0  0.086  0
0  0.087  0
0  0.088  0
0  0.089  0
0  0.09  0
0  0.091  0
0  0.092  1
0  0.093  0
0  0.094  0
0  0.095  0
0  0.096  0
0  0.097  0
0  0.098  0
0  0.099  0

0.001  0  2
0.001  0.001  6
0.001  0.002  1
0.001  0.003  1
0.001  0.004  4
0.001  0.005  4
0.001  0.006  2
0.001  0.007  3
0.001  0.008  3
0.001  0.009  2
0.001  0.01  1
0.001  0.011  0
0.001  0.012  2
0.001  0.013  0
0.001  0.014  2
0.001  0.015  1
0.001  0.016  1
0.001  0.017  7
0.001  0.018  3
0.001  0.019  1
0.001  0.02  1
0.001  0.021  0
0.001  0.022  0
0.001  0.023  0
0.001  0.024  2
0.001  0.025  0
0.001  0.026  1
0.001  0.027  0
0.001  0.028  0
0.001  0.029  0
0.001  0.03  0
0.001  0.031  1
0.001  0.032  0
0.001  0.033  0
0.001  0.034  0
0.001  0.035  0
0.001  0.036  0
0.001  0.037  0
0.001  0.038  0
0.001  0.039  0
0.001  0.04  0
0.001  0.041  0
0.001  0.042  0
0.001  0.043  0
0.001  0.044  0
0.001  0.045  0
0.001  0.046  0
0.001  0.047  0
0.001  0.048  1
0.001  0.049  0
0.001  0.05  0
0.001  0.051  0
0.001  0.052  0
0.001  0.053  0
0.001  0.054  0
0.001  0.055  0
0.001  0.056  0
0.001  0.057  1
0.001  0.058  0
0.001  0.059  0
0.001  0.06  0
0.001  0.061  0
0.001  0.062  0
0.001  0.063  0
0.001  0.064  0
0.001  0.065  0
0.001  0.066  0
0.001  0.067  0
0.001  0.068  0
0.001  0.069  1
0.001  0.07  0
0.001  0.071  1
0.001  0.072  0
0.001  0.073  0
0.001  0.074  0
0.001  0.075  0
0.001  0.076  0
0.001  0.077  0
0.001  0.078  0
0.001  0.079  0
0.001  0.08  0
0.001  0.081  0
0.001  0.082  0
0.001  0.083  0
0.001  0.084  0
0.001  0.085  0
0.001  0.086  0
0.001  0.087  0
0.001  0.088  0
0.001  0.089  0
0.001  0.09  0
0.001  0.091  0
0.001  0.092  0
0.001  0.093  0
0.001  0.094  0
0.001  0.095  0
0.001  0.096  0
0.001  0.097  0
0.001  0.098  0
0.001  0.099  0

0.002  0  5
0.002  0.001  4
0.002  0.002  4
0.002  0.003  1
0.002  0.004  1
0.002  0.005  3
0.002  0.006  3
0.002  0.007  1
0.002  0.008  2
0.002  0.009  2
0.002  0.01  1
0.002  0.011  2
0.002  0.012  1
0.002  0.013  3
0.002  0.014  1
0.002  0.015  0
0.002  0.016  0
0.002  0.017  3
0.002  0.018  1
0.002  0.019  0
0.002  0.02  1
0.002  0.021  1
0.002  0.022  0
0.002  0.023  2
0.002  0.024  0
0.002  0.025  4
0.002  0.026  2
0.002  0.027  0
0.002  0.028  1
0.002  0.029  0
0.002  0.03  0
0.002  0.031  2
0.002  0.032  0
0.002  0.033  0
0.002  0.034  0
0.002  0.035  0
0.002  0.036  0
0.002  0.037  0
0.002  0.038  1
0.002  0.039  0
0.002  0.04  0
0.002  0.041  0
0.002  0.042  0
0.002  0.043  1
0.002  0.044  0
0.002  0.045  0
0.002  0.046  0
0.002  0.047  0
0.002  0.048  0
0.002  0.049  0
0.002  0.05  0
0.002  0.051  0
0.002  0.052  0
0.002  0.053  0
0.002  0.054  0
0.002  0.055  0
0.002  0.056  0
0.002  0.057  0
0.002  0.058  1
0.002  0.059  1
0.002  0.06  0
0.002  0.061  0
0.002  0.062  0
0.002  0.063  1
0.002  0.064  0
0.002  0.065  0
0.002  0.066  0
0.002  0.067  0
0.002  0.068  0
0.002  0.069  0
0.002  0.07  0
0.002  0.071  0
0.002  0.072  0
0.002  0.073  0
0.002  0.074  0
0.002  0.075  0
0.002  0.076  0
0.002  0.077  0
0.002  0.078  0
0.002  0.079  0
0.002  0.08  0
0.002  0.081  0
0.002  0.082  0
0.002  0.083  0
0.002  0.084  0
0.002  0.085  0
0.002  0.086  0
0.002  0.087  0
0.002  0.088  0
0.002  0.089  0
0.002  0.09  0
0.002  0.091  0
0.002  0.092  0
0.002  0.093  0
0.002  0.094  0
0.002  0.095  0
0.002  0.096  0
0.002  0.097  0
0.002  0.098  0
0.002  0.099  0

0.003  0  3
0.003  0.001  5
0.003  0.002  6
0.003  0.003  3
0.003  0.004  7
0.003  0.005  3
0.003  0.006  3
0.003  0.007  0
0.003  0.008  3
0.003  0.009  3
0.003  0.01  2
0.003  0.011  7
0.003  0.012  6
0.003  0.013  6
0.003  0.014  0
0.003  0.015  3
0.003  0.016  1
0.003  0.017  1
0.003  0.018  3
0.003  0.019  1
0.003  0.02  0
0.003  0.021  0
0.003  0.022  4
0.003  0.023  0
0.003  0.024  0
0.003  0.025  3
0.003  0.026  0
0.003  0.027  0
0.003  0.028  0
0.003  0.029  0
0.003  0.03  1
0.003  0.031  0
0.003  0.032  0
0.003  0.033  0
0.003  0.034  0
0.003  0.035  0
0.003  0.036  0
0.003  0.037  0
0.003  0.038  0
0.003  0.039  0
0.003  0.04  0
0.003  0.041  0
0.003  0.042  0
0.003  0.043  0
0.003  0.044  0
0.003  0.045  0
0.003  0.046  0
0.003  0.047  1
0.003  0.048  0
0.003  0.049  0
0.003  0.05  1
0.003  0.051  0
0.003  0.052  0
0.003  0.053  0
0.003  0.054  0
0.003  0.055  0
0.003  0.056  0
0.003  0.057  0
0.003  0.058  0
0.003  0.059  0
0.003  0.06  1
0.003  0.061  0
0.003  0.062  0
0.003  0.063  0
0.003  0.064  0
0.003  0.065  0
0.003  0.066  0
0.003  0.067  0
0.003  0.068  0
0.003  0.069  0
0.003  0.07  0
0.003  0.071  0
0.003  0.072  0
0.003  0.073  0
0.003  0.074  0
0.003  0.075  0
0.003  0.076  0
0.003  0.077  0
0.003  0.078  0
0.003  0.079  0
0.003  0.08  0
0.003  0.081  0
0.003  0.082  0
0.003  0.083  0
0.003  0.084  0
0.003  0.085  0
0.003  0.086  0
0.003  0.087  0
0.003  0.088  0
0.003  0.089  0
0.003  0.09  0
0.003  0.091  0
0.003  0.092  0
0.003  0.093  0
0.003  0.094  0
0.003  0.095  0
0.003  0.096  0
0.003  0.097  0
0.003  0.098  0
0.003  0.099  0

0.004  0  4
0.004  0.001  2
0.004  0.002  2
0.004  0.003  5
0.004  0.004  4
0.004  0.005  3
0.004  0.006  3
0.004  0.007  2
0.004  0.008  4
0.004  0.009  6
0.004  0.01  2
0.004  0.011  3
0.004  0.012  3
0.004  0.013  3
0.004  0.014  4
0.004  0.015  2
0.004  0.016  2
0.004  0.017  4
0.004  0.018  2
0.004  0.019  2
0.004  0.02  2
0.004  0.021  0
0.004  0.022  0
0.004  0.023  1
0.004  0.024  4
0.004  0.025  1
0.004  0.026  0
0.004  0.027  2
0.004  0.028  0
0.004  0.029  0
0.004  0.03  0
0.004  0.031  2
0.004  0.032  2
0.004  0.033  1
0.004  0.034  0
0.004  0.035  0
0.004  0.036  1
0.004  0.037  0
0.004  0.038  0
0.004  0.039  1
0.004  0.04  0
0.004  0.041  0
0.004  0.042  0
0.004  0.043  0
0.004  0.044  0
0.004  0.045  0
0.004  0.046  0
0.004  0.047  0
0.004  0.048  0
0.004  0.049  0
0.004  0.05  0
0.004  0.051  0
0.004  0.052  0
0.004  0.053  0
0.004  0.054  0
0.004  0.055  0
0.004  0.056  0
0.004  0.057  0
0.004  0.058  0
0.004  0.059  0
0.004  0.06  0
0.004  0.061  0
0.004  0.062  0
0.004  0.063  0
0.004  0.064  1
0.004  0.065  0
0.004  0.066  0
0.004  0.067  0
0.004  0.068  0
0.004  0.069  1
0.004  0.07  0
0.004  0.071  0
0.004  0.072  0
0.004  0.073  1
0.004  0.074  1
0.004  0.075  0
0.004  0.076  0
0.004  0.077  0
0.004  0.078  0
0.004  0.079  1
0.004  0.08  0
0.004  0.081  0
0.004  0.082  0
0.004  0.083  0
0.004  0.084  0
0.004  0.085  0
0.004  0.086  0
0.004  0.087  0
0.004  0.088  0
0.004  0.089  0
0.004  0.09  0
0.004  0.091  0
0.004  0.092  0
0.004  0.093  0
0.004  0.094  0
0.004  0.095  0
0.004  0.096  0
0.004  0.097  0
0.004  0.098  0
0.004  0.099  0

0.005  0  2
0.005  0.001  7
0.005  0.002  4
0.005  0.003  4
0.005  0.004  3
0.005  0.005  4
0.005  0.006  5
0.005  0.007  6
0.005  0.008  5
0.005  0.009  3
0.005  0.01  6
0.005  0.011  5
0.005  0.012  2
0.005  0.013  5
0.005  0.014  4
0.005  0.015  2
0.005  0.016  0
0.005  0.017  1
0.005  0.018  0
0.005  0.019  1
0.005  0.02  3
0.005  0.021  2
0.005  0.022  2
0.005  0.023  0
0.005  0.024  0
0.005  0.025  1
0.005  0.026  2
0.005  0.027  1
0.005  0.028  0
0.005  0.029  3
0.005  0.03  2
0.005  0.031  0
0.005  0.032  0
0.005  0.033  1
0.005  0.034  0
0.005  0.035  1
0.005  0.036  1
0.005  0.037  0
0.005  0.038  2
0.005  0.039  0
0.005  0.04  0
0.005  0.041  1
0.005  0.042  1
0.005  0.043  1
0.005  0.044  0
0.005  0.045  2
0.005  0.046  0
0.005  0.047  0
0.005  0.048  1
0.005  0.049  1
0.005  0.05  0
0.005  0.051  0
0.005  0.052  0
0.005  0.053  0
0.005  0.054  0
0.005  0.055  0
0.005  0.056  1
0.005  0.057  1
0.005  0.058  0
0.005  0.059  0
0.005  0.06  0
0.005  0.061  0
0.005  0.062  0
0.005  0.063  0
0.005  0.064  0
0.005  0.065  0
0.005  0.066  0
0.005  0.067  0
0.005  0.068  0
0.005  0.069  0
0.005  0.07  0
0.005  0.071  0
0.005  0.072  0
0.005  0.073  1
0.005  0.074  0
0.005  0.075  0
0.005  0.076  0
0.005  0.077  1
0.005  0.078  0
0.005  0.079  0
0.005  0.08  0
0.005  0.081  0
0.005  0.082  1
0.005  0.083  0
0.005  0.084  0
0.005  0.085  0
0.005  0.086  0
0.005  0.087  0
0.005  0.088  0
0.005  0.089  0
0.005  0.09  0
0.005  0.091  0
0.005  0.092  0
0.005  0.093  0
0.005  0.094  0
0.005  0.095  0
0.005  0.096  0
0.005  0.097  0
0.005  0.098  0
0.005  0.099  0

0.006  0  1
0.006  0.001  2
0.006  0.002  4
0.006  0.003  1
0.006  0.004  5
0.006  0.005  5
0.006  0.006  4
0.006  0.007  6
0.006  0.008  2
0.006  0.009  2
0.006  0.01  1
0.006  0.011  3
0.006  0.012  2
0.006  0.013  2
0.006  0.014  3
0.006  0.015  3
0.006  0.016  5
0.006  0.017  1
0.006  0.018  4
0.006  0.019  1
0.006  0.02  0
0.006  0.021  3
0.006  0.022  2
0.006  0.023  2
0.006  0.024  0
0.006  0.025  2
0.006  0.026  3
0.006  0.027  1
0.006  0.028  2
0.006  0.029  1
0.006  0.03  3
0.006  0.031  1
0.006  0.032  0
0.006  0.033  1
0.006  0.034  0
0.006  0.035  1
0.006  0.036  1
0.006  0.037  0
0.006  0.038  0
0.006  0.039  0
0.006  0.04  0
0.006  0.041  0
0.006  0.042  1
0.006  0.043  1
0.006  0.044  0
0.006  0.045  0
0.006  0.046  0
0.006  0.047  0
0.006  0.048  0
0.006  0.049  0
0.006  0.05  0
0.006  0.051  0
0.006  0.052  0
0.006  0.053  0
0.006  0.054  0
0.006  0.055  0
0.006  0.056  0
0.006  0.057  0
0.006  0.058  1
0.006  0.059  0
0.006  0.06  0
0.006  0.061  0
0.006  0.062  0
0.006  0.063  0
0.006  0.064  0
0.006  0.065  0
0.006  0.066  0
0.006  0.067  0
0.006  0.068  0
0.006  0.069  0
0.006  0.07  0
0.006  0.071  0
0.006  0.072  0
0.006  0.073  0
0.006  0.074  0
0.006  0.075  0
0.006  0.076  0
0.006  0.077  0
0.006  0.078  0
0.006  0.079  0
0.006  0.08  0
0.006  0.081  0
0.006  0.082  0
0.006  0.083  0
0.006  0.084  0
0.006  0.085  0
0.006  0.086  0
0.006  0.087  0
0.006  0.088  0
0.006  0.089  0
0.006  0.09  0
0.006  0.091  1
0.006  0.092  0
0.006  0.093  0
0.006  0.094  0
0.006  0.095  0
0.006  0.096  0
0.006  0.097  0
0.006  0.098  0
0.006  0.099  0

0.007  0  1
0.007  0.001  3
0.007  0.002  3
0.007  0.003  1
0.007  0.004  3
0.007  0.005  1
0.007  0.006  7
0.007  0.007  4
0.007  0.008  1
0.007  0.009  2
0.007  0.01  1
0.007  0.011  3
0.007  0.012  2
0.007  0.013  4
0.007  0.014  4
0.007  0.015  3
0.007  0.016  0
0.007  0.017  3
0.007  0.018  4
0.007  0.019  2
0.007  0.02  1
0.007  0.021  3
0.007  0.022  0
0.007  0.023  1
0.007  0.024  1
0.007  0.025  0
0.007  0.026  1
0.007  0.027  0
0.007  0.028  1
0.007  0.029  0
0.007  0.03  0
0.007  0.031  1
0.007  0.032  1
0.007  0.033  0
0.007  0.034  0
0.007  0.035  0
0.007  0.036  0
0.007  0.037  0
0.007  0.038  0
0.007  0.039  0
0.007  0.04  0
0.007  0.041  0
0.007  0.042  0
0.007  0.043  1
0.007  0.044  0
0.007  0.045  0
0.007  0.046  0
0.007  0.047  0
0.007  0.048  2
0.007  0.049  0
0.007  0.05  0
0.007  0.051  0
0.007  0.052  0
0.007  0.053  0
0.007  0.054  0
0.007  0.055  0
0.007  0.056  0
0.007  0.057  0
0.007  0.058  0
0.007  0.059  1
0.007  0.06  0
0.007  0.061  2
0.007  0.062  0
0.007  0.063  0
0.007  0.064  0
0.007  0.065  0
0.007  0.066  0
0.007  0.067  0
0.007  0.068  0
0.007  0.069  1
0.007  0.07  0
0.007  0.071  0
0.007  0.072  0
0.007  0.073  0
0.007  0.074  0
0.007  0.075  0
0.007  0.076  0
0.007  0.077  0
0.007  0.078  0
0.007  0.079  0
0.007  0.08  0
0.007  0.081  0
0.007  0.082  0
0.007  0.083  0
0.007  0.084  0
0.007  0.085  0
0.007  0.086  0
0.007  0.087  0
0.007  0.088  0
0.007  0.089  0
0.007  0.09  0
0.007  0.091  0
0.007  0.092  0
0.007  0.093  0
0.007  0.094  0
0.007  0.095  0
0.007  0.096  0
0.007  0.097  0
0.007  0.098  0
0.007  0.099  0

0.008  0  2
0.008  0.001  3
0.008  0.002  2
0.008  0.003  2
0.008  0.004  3
0.008  0.005  6
0.008  0.006  2
0.008  0.007  5
0.008  0.008  2
0.008  0.009  7
0.008  0.01  7
0.008  0.011  4
0.008  0.012  1
0.008  0.013  6
0.008  0.014  2
0.008  0.015  2
0.008  0.016  4
0.008  0.017  2
0.008  0.018  7
0.008  0.019  3
0.008  0.02  5
0.008  0.021  0
0.008  0.022  0
0.008  0.023  3
0.008  0.024  1
0.008  0.025  2
0.008  0.026  1
0.008  0.027  1
0.008  0.028  0
0.008  0.029  1
0.008  0.03  0
0.008  0.031  3
0.008  0.032  2
0.008  0.033  0
0.008  0.034  0
0.008  0.035  1
0.008  0.036  1
0.008  0.037  0
0.008  0.038  0
0.008  0.039  1
0.008  0.04  0
0.008  0.041  0
0.008  0.042  1
0.008  0.043  0
0.008  0.044  0
0.008  0.045  0
0.008  0.046  0
0.008  0.047  0
0.008  0.048  0
0.008  0.049  1
0.008  0.05  1
0.008  0.051  0
0.008  0.052  2
0.008  0.053  0
0.008  0.054  0
0.008  0.055  0
0.008  0.056  0
0.008  0.057  0
0.008  0.058  1
0.008  0.059  0
0.008  0.06  0
0.008  0.061  0
0.008  0.062  0
0.008  0.063  0
0.008  0.064  0
0.008  0.065  0
0.008  0.066  0
0.008  0.067  0
0.008  0.068  0
0.008  0.069  0
0.008  0.07  0
0.008  0.071  0
0.008  0.072  0
0.008  0.073  0
0.008  0.074  0
0.008  0.075  0
0.008  0.076  0
0.008  0.077  0
0.008  0.078  0
0.008  0.079  0
0.008  0.08  0
0.008  0.081  0
0.008  0.082  0
0.008  0.083  0
0.008  0.084  0
0.008  0.085  0
0.008  0.086  0
0.008  0.087  0
0.008  0.088  1
0.008  0.089  0
0.008  0.09  0
0.008  0.091  0
0.008  0.092  0
0.008  0.093  1
0.008  0.094  0
0.008  0.095  0
0.008  0.096  0
0.008  0.097  0
0.008  0.098  0
0.008  0.099  0

0.009  0  0
0.009  0.001  1
0.009  0.002  3
0.009  0.003  2
0.009  0.004  1
0.009  0.005  2
0.009  0.006  1
0.009  0.007  5
0.009  0.008  3
0.009  0.009  5
0.009  0.01  2
0.009  0.011  3
0.009  0.012  5
0.009  0.013  4
0.009  0.014  5
0.009  0.015  4
0.009  0.016  3
0.009  0.017  1
0.009  0.018  3
0.009  0.019  1
0.009  0.02  2
0.009  0.021  1
0.009  0.022  1
0.009  0.023  2
0.009  0.024  2
0.009  0.025  0
0.009  0.026  1
0.009  0.027  2
0.009  0.028  0
0.009  0.029  2
0.009  0.03  2
0.009  0.031  1
0.009  0.032  0
0.009  0.033  1
0.009  0.034  1
0.009  0.035  0
0.009  0.036  1
0.009  0.037  2
0.009  0.038  0
0.009  0.039  0
0.009  0.04  0
0.009  0.041  1
0.009  0.042  0
0.009  0.043  0
0.009  0.044  1
0.009  0.045  0
0.009  0.046  1
0.009  0.047  0
0.009  0.048  0
0.009  0.049  0
0.009  0.05  0
0.009  0.051  0
0.009  0.052  0
0.009  0.053  0
0.009  0.054  0
0.009  0.055  0
0.009  0.056  0
0.009  0.057  0
0.009  0.058  1
0.009  0.059  0
0.009  0.06  0
0.009  0.061  0
0.009  0.062  0
0.009  0.063  0
0.009  0.064  0
0.009  0.065  0
0.009  0.066  0
0.009  0.067  0
0.009  0.068  0
0.009  0.069  0
0.009  0.07  0
0.009  0.071  0
0.009  0.072  1
0.009  0.073  0
0.009  0.074  0
0.009  0.075  0
0.009  0.076  0
0.009  0.077  0
0.009  0.078  0
0.009  0.079  0
0.009  0.08  0
0.009  0.081  0
0.009  0.082  0
0.009  0.083  0
0.009  0.084  0
0.009  0.085  1
0.009  0.086  0
0.009  0.087  1
0.009  0.088  0
0.009  0.089  0
0.009  0.09  0
0.009  0.091  0
0.009  0.092  0
0.009  0.093  0
0.009  0.094  0
0.009  0.095  0
0.009  0.096  0
0.009  0.097  0
0.009  0.098  0
0.009  0.099  0

0.01  0  2
0.01  0.001  0
0.01  0.002  3
0.01  0.003  2
0.01  0.004  2
0.01  0.005  1
0.01  0.006  2
0.01  0.007  3
0.01  0.008  3
0.01  0.009  6
0.01  0.01  2
0.01  0.011  2
0.01  0.012  4
0.01  0.013  7
0.01  0.014  2
0.01  0.015  3
0.01  0.016  1
0.01  0.017  1
0.01  0.018  1
0.01  0.019  5
0.01  0.02  4
0.01  0.021  1
0.01  0.022  5
0.01  0.023  4
0.01  0.024  1
0.01  0.025  4
0.01  0.026  3
0.01  0.027  4
0.01  0.028  2
0.01  0.029  3
0.01  0.03  1
0.01  0.031  0
0.01  0.032  3
0.01  0.033  0
0.01  0.034  0
0.01  0.035  1
0.01  0.036  2
0.01  0.037  1
0.01  0.038  0
0.01  0.039  0
0.01  0.04  1
0.01  0.041  0
0.01  0.042  1
0.01  0.043  0
0.01  0.044  0
0.01  0.045  0
0.01  0.046  0
0.01  0.047  0
0.01  0.048  0
0.01  0.049  1
0.01  0.05  0
0.01  0.051  0
0.01  0.052  0
0.01  0.053  2
0.01  0.054  0
0.01  0.055  0
0.01  0.056  1
0.01  0.057  0
0.01  0.058  0
0.01  0.059  1
0.01  0.06  0
0.01  0.061  0
0.01  0.062  0
0.01  0.063  0
0.01  0.064  0
0.01  0.065  0
0.01  0.066  0
0.01  0.067  0
0.01  0.068  0
0.01  0.069  0
0.01  0.07  0
0.01  0.071  0
0.01  0.072  0
0.01  0.073  1
0.01  0.074  0
0.01  0.075  0
0.01  0.076  0
0.01  0.077  0
0.01  0.078  0
0.01  0.079  1
0.01  0.08  0
0.01  0.081  0
0.01  0.082  0
0.01  0.083  0
0.01  0.084  0
0.01  0.085  0
0.01  0.086  0
0.01  0.087  0
0.01  0.088  0
0.01  0.089  0
0.01  0.09  0
0.01  0.091  0
0.01  0.092  1
0.01  0.093  0
0.01  0.094  0
0.01  0.095  0
0.01  0.096  0
0.01  0.097  1
0.01  0.098  0
0.01  0.099  0

0.011  0  2
0.011  0.001  0
0.011  0.002  1
0.011  0.003  2
0.011  0.004  1
0.011  0.005  0
0.011  0.006  1
0.011  0.007  6
0.011  0.008  3
0.011  0.009  5
0.011  0.01  2
0.011  0.011  4
0.011  0.012  4
0.011  0.013  3
0.011  0.014  4
0.011  0.015  6
0.011  0.016  3
0.011  0.017  1
0.011  0.018  3
0.011  0.019  2
0.011  0.02  5
0.011  0.021  3
0.011  0.022  2
0.011  0.023  2
0.011  0.024  5
0.011  0.025  0
0.011  0.026  1
0.011  0.027  0
0.011  0.028  3
0.011  0.029  4
0.011  0.03  0
0.011  0.031  2
0.011  0.032  0
0.011  0.033  0
0.011  0.034  1
0.011  0.035  2
0.011  0.036  0
0.011  0.037  1
0.011  0.038  1
0.011  0.039  0
0.011  0.04  0
0.011  0.041  0
0.011  0.042  1
0.011  0.043  1
0.011  0.044  1
0.011  0.045  0
0.011  0.046  0
0.011  0.047  1
0.011  0.048  1
0.011  0.049  0
0.011  0.05  1
0.011  0.051  0
0.011  0.052  0
0.011  0.053  0
0.011  0.054  0
0.011  0.055  0
0.011  0.056  0
0.011  0.057  0
0.011  0.058  0
0.011  0.059  0
0.011  0.06  0
0.011  0.061  0
0.011  0.062  1
0.011  0.063  0
0.011  0.064  1
0.011  0.065  1
0.011  0.066  0
0.011  0.067  0
0.011  0.068  0
0.011  0.069  1
0.011  0.07  0
0.011  0.071  0
0.011  0.072  0
0.011  0.073  0
0.011  0.074  0
0.011  0.075  1
0.011  0.076  0
0.011  0.077  1
0.011  0.078  0
0.011  0.079  0
0.011  0.08  0
0.011  0.081  1
0.011  0.082  0
0.011  0.083  1
0.011  0.084  0
0.011  0.085  0
0.011  0.086  0
0.011  0.087  0
0.011  0.088  0
0.011  0.089  0
0.011  0.09  0
0.011  0.091  0
0.011  0.092  0
0.011  0.093  1
0.011  0.094  0
0.011  0.095  0
0.011  0.096  0
0.011  0.097  0
0.011  0.098  0
0.011  0.099  0

0.012  0  0
0.012  0.001  0
0.012  0.002  0
0.012  0.003  2
0.012  0.004  1
0.012  0.005  1
0.012  0.006  0
0.012  0.007  3
0.012  0.008  3
0.012  0.009  2
0.012  0.01  3
0.012  0.011  3
0.012  0.012  2
0.012  0.013  4
0.012  0.014  3
0.012  0.015  1
0.012  0.016  1
0.012  0.017  1
0.012  0.018  2
0.012  0.019  3
0.012  0.02  3
0.012  0.021  3
0.012  0.022  4
0.012  0.023  2
0.012  0.024  2
0.012  0.025  1
0.012  0.026  2
0.012  0.027  4
0.012  0.028  1
0.012  0.029  1
0.012  0.03  2
0.012  0.031  1
0.012  0.032  0
0.012  0.033  0
0.012  0.034  1
0.012  0.035  0
0.012  0.036  0
0.012  0.037  1
0.012  0.038  1
0.012  0.039  1
0.012  0.04  0
0.012  0.041  1
0.012  0.042  0
0.012  0.043  0
0.012  0.044  0
0.012  0.045  2
0.012  0.046  0
0.012  0.047  0
0.012  0.048  0
0.012  0.049  1
0.012  0.05  0
0.012  0.051  0
0.012  0.052  1
0.012  0.053  1
0.012  0.054  0
0.012  0.055  0
0.012  0.056  0
0.012  0.057  0
0.012  0.058  0
0.012  0.059  0
0.012  0.06  1
0.012  0.061  0
0.012  0.062  1
0.012  0.063  0
0.012  0.064  0
0.012  0.065  0
0.012  0.066  0
0.012  0.067  1
0.012  0.068  0
0.012  0.069  0
0.012  0.07  0
0.012  0.071  0
0.012  0.072  1
0.012  0.073  0
0.012  0.074  0
0.012  0.075  0
0.012  0.076  1
0.012  0.077  0
0.012  0.078  2
0.012  0.079  0
0.012  0.08  1
0.012  0.081  0
0.012  0.082  0
0.012  0.083  0
0.012  0.084  0
0.012  0.085  0
0.012  0.086  0
0.012  0.087  0
0.012  0.088  1
0.012  0.089  0
0.012  0.09  0
0.012  0.091  0
0.012  0.092  0
0.012  0.093  0
0.012  0.094  0
0.012  0.095  0
0.012  0.096  0
0.012  0.097  0
0.012  0.098  0
0.012  0.099  0

0.013  0  0
0.013  0.001  0
0.013  0.002  0
0.013  0.003  0
0.013  0.004  0
0.013  0.005  1
0.013  0.006  2
0.013  0.007  4
0.013  0.008  2
0.013  0.009  3
0.013  0.01  2
0.013  0.011  1
0.013  0.012  3
0.013  0.013  2
0.013  0.014  3
0.013  0.015  3
0.013  0.016  4
0.013  0.017  1
0.013  0.018  0
0.013  0.019  3
0.013  0.02  4
0.013  0.021  3
0.013  0.022  1
0.013  0.023  3
0.013  0.024  4
0.013  0.025  0
0.013  0.026  2
0.013  0.027  3
0.013  0.028  0
0.013  0.029  2
0.013  0.03  2
0.013  0.031  3
0.013  0.032  3
0.013  0.033  0
0.013  0.034  2
0.013  0.035  0
0.013  0.036  0
0.013  0.037  0
0.013  0.038  1
0.013  0.039  0
0.013  0.04  1
0.013  0.041  0
0.013  0.042  0
0.013  0.043  0
0.013  0.044  0
0.013  0.045  0
0.013  0.046  0
0.013  0.047  0
0.013  0.048  0
0.013  0.049  0
0.013  0.05  1
0.013  0.051  0
0.013  0.052  0
0.013  0.053  0
0.013  0.054  2
0.013  0.055  1
0.013  0.056  0
0.013  0.057  0
0.013  0.058  1
0.013  0.059  0
0.013  0.06  0
0.013  0.061  0
0.013  0.062  0
0.013  0.063  1
0.013  0.064  0
0.013  0.065  2
0.013  0.066  0
0.013  0.067  0
0.013  0.068  0
0.013  0.069  0
0.013  0.07  0
0.013  0.071  0
0.013  0.072  0
0.013  0.073  0
0.013  0.074  0
0.013  0.075  0
0.013  0.076  0
0.013  0.077  0
0.013  0.078  0
0.013  0.079  0
0.013  0.08  0
0.013  0.081  1
0.013  0.082  0
0.013  0.083  0
0.013  0.084  0
0.013  0.085  0
0.013  0.086  0
0.013  0.087  0
0.013  0.088  0
0.013  0.089  1
0.013  0.09  0
0.013  0.091  0
0.013  0.092  0
0.013  0.093  0
0.013  0.094  0
0.013  0.095  1
0.013  0.096  0
0.013  0.097  0
0.013  0.098  0
0.013  0.099  0

0.014  0  1
0.014  0.001  2
0.014  0.002  0
0.014  0.003  0
0.014  0.004  0
0.014  0.005  1
0.014  0.006  1
0.014  0.007  0
0.014  0.008  2
0.014  0.009  1
0.014  0.01  2
0.014  0.011  4
0.014  0.012  1
0.014  0.013  3
0.014  0.014  4
0.014  0.015  0
0.014  0.016  3
0.014  0.017  3
0.014  0.018  7
0.014  0.019  3
0.014  0.02  0
0.014  0.021  5
0.014  0.022  1
0.014  0.023  4
0.014  0.024  5
0.014  0.025  1
0.014  0.026  1
0.014  0.027  4
0.014  0.028  2
0.014  0.029  2
0.014  0.03  2
0.014  0.031  1
0.014  0.032  1
0.014  0.033  1
0.014  0.034  2
0.014  0.035  1
0.014  0.036  2
0.014  0.037  0
0.014  0.038  2
0.014  0.039  0
0.014  0.04  1
0.014  0.041  3
0.014  0.042  1
0.014  0.043  1
0.014  0.044  1
0.014  0.045  1
0.014  0.046  0
0.014  0.047  0
0.014  0.048  1
0.014  0.049  1
0.014  0.05  0
0.014  0.051  0
0.014  0.052  0
0.014  0.053  0
0.014  0.054  1
0.014  0.055  1
0.014  0.056  1
0.014  0.057  0
0.014  0.058  0
0.014  0.059  1
0.014  0.06  0
0.014  0.061  0
0.014  0.062  1
0.014  0.063  0
0.014  0.064  0
0.014  0.065  0
0.014  0.066  0
0.014  0.067  0
0.014  0.068  0
0.014  0.069  0
0.014  0.07  0
0.014  0.071  0
0.014  0.072  0
0.014  0.073  0
0.014  0.074  0
0.014  0.075  1
0.014  0.076  1
0.014  0.077  1
0.014  0.078  0
0.014  0.079  0
0.014  0.08  0
0.014  0.081  0
0.014  0.082  0
0.014  0.083  1
0.014  0.084  0
0.014  0.085  1
0.014  0.086  0
0.014  0.087  0
0.014  0.088  0
0.014  0.089  0
0.014  0.09  0
0.014  0.091  0
0.014  0.092  0
0.014  0.093  0
0.014  0.094  0
0.014  0.095  0
0.014  0.096  0
0.014  0.097  0
0.014  0.098  0
0.014  0.099  0

0.015  0  0
0.015  0.001  0
0.015  0.002  0
0.015  0.003  0
0.015  0.004  1
0.015  0.005  2
0.015  0.006  1
0.015  0.007  4
0.015  0.008  4
0.015  0.009  1
0.015  0.01  2
0.015  0.011  1
0.015  0.012  3
0.015  0.013  1
0.015  0.014  1
0.015  0.015  1
0.015  0.016  0
0.015  0.017  3
0.015  0.018  6
0.015  0.019  0
0.015  0.02  0
0.015  0.021  4
0.015  0.022  2
0.015  0.023  3
0.015  0.024  2
0.015  0.025  7
0.015  0.026  3
0.015  0.027  1
0.015  0.028  1
0.015  0.029  2
0.015  0.03  2
0.015  0.031  4
0.015  0.032  0
0.015  0.033  1
0.015  0.034  0
0.015  0.035  0
0.015  0.036  0
0.015  0.037  1
0.015  0.038  1
0.015  0.039  0
0.015  0.04  2
0.015  0.041  1
0.015  0.042  1
0.015  0.043  0
0.015  0.044  1
0.015  0.045  0
0.015  0.046  2
0.015  0.047  0
0.015  0.048  0
0.015  0.049  0
0.015  0.05  0
0.015  0.051  0
0.015  0.052  0
0.015  0.053  0
0.015  0.054  0
0.015  0.055  1
0.015  0.056  1
0.015  0.057  0
0.015  0.058  0
0.015  0.059  0
0.015  0.06  1
0.015  0.061  0
0.015  0.062  0
0.015  0.063  1
0.015  0.064  0
0.015  0.065  0
0.015  0.066  0
0.015  0.067  0
0.015  0.068  0
0.015  0.069  0
0.015  0.07  0
0.015  0.071  0
0.015  0.072  1
0.015  0.073  0
0.015  0.074  0
0.015  0.075  0
0.015  0.076  1
0.015  0.077  0
0.015  0.078  0
0.015  0.079  0
0.015  0.08  0
0.015  0.081  0
0.015  0.082  0
0.015  0.083  0
0.015  0.084  0
0.015  0.085  0
0.015  0.086  0
0.015  0.087  0
0.015  0.088  0
0.015  0.089  0
0.015  0.09  0
0.015  0.091  0
0.015  0.092  0
0.015  0.093  0
0.015  0.094  0
0.015  0.095  0
0.015  0.096  0
0.015  0.097  0
0.015  0.098  0
0.015  0.099  0

0.016  0  0
0.016  0.001  0
0.016  0.002  0
0.016  0.003  0
0.016  0.004  3
0.016  0.005  0
0.016  0.006  0
0.016  0.007  2
0.016  0.008  3
0.016  0.009  0
0.016  0.01  1
0.016  0.011  2
0.016  0.012  0
0.016  0.013  1
0.016  0.014  3
0.016  0.015  3
0.016  0.016  1
0.016  0.017  2
0.016  0.018  1
0.016  0.019  1
0.016  0.02  1
0.016  0.021  2
0.016  0.022  3
0.016  0.023  2
0.016  0.024  2
0.016  0.025  2
0.016  0.026  3
0.016  0.027  1
0.016  0.028  1
0.016  0.029  3
0.016  0.03  1
0.016  0.031  1
0.016  0.032  0
0.016  0.033  1
0.016  0.034  0
0.016  0.035  2
0.016  0.036  1
0.016  0.037  2
0.016  0.038  2
0.016  0.039  2
0.016  0.04  2
0.016  0.041  2
0.016  0.042  1
0.016  0.043  0
0.016  0.044  0
0.016  0.045  1
0.016  0.046  0
0.016  0.047  2
0.016  0.048  1
0.016  0.049  1
0.016  0.05  1
0.016  0.051  1
0.016  0.052  2
0.016  0.053  0
0.016  0.054  1
0.016  0.055  1
0.016  0.056  0
0.016  0.057  1
0.016  0.058  1
0.016  0.059  1
0.016  0.06  0
0.016  0.061  1
0.016  0.062  2
0.016  0.063  0
0.016  0.064  1
0.016  0.065  1
0.016  0.066  0
0.016  0.067  0
0.016  0.068  1
0.016  0.069  0
0.016  0.07  0
0.016  0.071  0
0.016  0.072  0
0.016  0.073  0
0.016  0.074  0
0.016  0.075  0
0.016  0.076  0
0.016  0.077  0
0.016  0.078  0
0.016  0.079  0
0.016  0.08  0
0.016  0.081  0
0.016  0.082  0
0.016  0.083  0
0.016  0.084  0
0.016  0.085  0
0.016  0.086  0
0.016  0.087  0
0.016  0.088  0
0.016  0.089  0
0.016  0.09  0
0.016  0.091  0
0.016  0.092  0
0.016  0.093  0
0.016  0.094  0
0.016  0.095  0
0.016  0.096  0
0.016  0.097  0
0.016  0.098  0
0.016  0.099  0

0.017  0  0
0.017  0.001  0
0.017  0.002  0
0.017  0.003  0
0.017  0.004  0
0.017  0.005  1
0.017  0.006  1
0.017  0.007  1
0.017  0.008  0
0.017  0.009  0
0.017  0.01  1
0.017  0.011  3
0.017  0.012  2
0.017  0.013  3
0.017  0.014  1
0.017  0.015  1
0.017  0.016  3
0.017  0.017  2
0.017  0.018  2
0.017  0.019  1
0.017  0.02  2
0.017  0.021  1
0.017  0.022  0
0.017  0.023  1
0.017  0.024  1
0.017  0.025  0
0.017  0.026  0
0.017  0.027  0
0.017  0.028  2
0.017  0.029  0
0.017  0.03  0
0.017  0.031  2
0.017  0.032  2
0.017  0.033  0
0.017  0.034  1
0.017  0.035  2
0.017  0.036  1
0.017  0.037  0
0.017  0.038  0
0.017  0.039  0
0.017  0.04  1
0.017  0.041  4
0.017  0.042  3
0.017  0.043  1
0.017  0.044  0
0.017  0.045  1
0.017  0.046  1
0.017  0.047  0
0.017  0.048  0
0.017  0.049  1
0.017  0.05  1
0.017  0.051  1
0.017  0.052  0
0.017  0.053  1
0.017  0.054  0
0.017  0.055  0
0.017  0.056  1
0.017  0.057  1
0.017  0.058  0
0.017  0.059  2
0.017  0.06  0
0.017  0.061  1
0.017  0.062  0
0.017  0.063  0
0.017  0.064  0
0.017  0.065  0
0.017  0.066  0
0.017  0.067  0
0.017  0.068  0
0.017  0.069  0
0.017  0.07  0
0.017  0.071  0
0.017  0.072  0
0.017  0.073  0
0.017  0.074  0
0.017  0.075  0
0.017  0.076  0
0.017  0.077  0
0.017  0.078  0
0.017  0.079  0
0.017  0.08  0
0.017  0.081  0
0.017  0.082  0
0.017  0.083  0
0.017  0.084  0
0.017  0.085  0
0.017  0.086  0
0.017  0.087  0
0.017  0.088  0
0.017  0.089  1
0.017  0.09  0
0.017  0.091  0
0.017  0.092  0
0.017  0.093  0
0.017  0.094  0
0.017  0.095  0
0.017  0.096  0
0.017  0.097  0
0.017  0.098  0
0.017  0.099  0

0.018  0  0
0.018  0.001  0
0.018  0.002  0
0.018  0.003  1
0.018  0.004  0
0.018  0.005  1
0.018  0.006  0
0.018  0.007  0
0.018  0.008  0
0.018  0.009  2
0.018  0.01  1
0.018  0.011  1
0.018  0.012  0
0.018  0.013  2
0.018  0.014  1
0.018  0.015  0
0.018  0.016  1
0.018  0.017  2
0.018  0.018  0
0.018  0.019  3
0.018  0.02  1
0.018  0.021  1
0.018  0.022  0
0.018  0.023  5
0.018  0.024  1
0.018  0.025  2
0.018  0.026  0
0.018  0.027  2
0.018  0.028  1
0.018  0.029  1
0.018  0.03  1
0.018  0.031  0
0.018  0.032  3
0.018  0.033  1
0.018  0.034  2
0.018  0.035  3
0.018  0.036  0
0.018  0.037  0
0.018  0.038  0
0.018  0.039  2
0.018  0.04  0
0.018  0.041  1
0.018  0.042  1
0.018  0.043  0
0.018  0.044  0
0.018  0.045  0
0.018  0.046  0
0.018  0.047  1
0.018  0.048  1
0.018  0.049  0
0.018  0.05  1
0.018  0.051  1
0.018  0.052  1
0.018  0.053  0
0.018  0.054  0
0.018  0.055  1
0.018  0.056  0
0.018  0.057  0
0.018  0.058  1
0.018  0.059  1
0.018  0.06  0
0.018  0.061  0
0.018  0.062  1
0.018  0.063  0
0.018  0.064  0
0.018  0.065  0
0.018  0.066  0
0.018  0.067  1
0.018  0.068  0
0.018  0.069  0
0.018  0.07  0
0.018  0.071  0
0.018  0.072  0
0.018  0.073  0
0.018  0.074  0
0.018  0.075  0
0.018  0.076  0
0.018  0.077  2
0.018  0.078  0
0.018  0.079  0
0.018  0.08  0
0.018  0.081  0
0.018  0.082  0
0.018  0.083  0
0.018  0.084  0
0.018  0.085  0
0.018  0.086  0
0.018  0.087  0
0.018  0.088  0
0.018  0.089  0
0.018  0.09  0
0.018  0.091  0
0.018  0.092  0
0.018  0.093  0
0.018  0.094  0
0.018  0.095  0
0.018  0.096  0
0.018  0.097  0
0.018  0.098  0
0.018  0.099  0

0.019  0  0
0.019  0.001  0
0.019  0.002  0
0.019  0.003  0
0.019  0.004  1
0.019  0.005  0
0.019  0.006  2
0.019  0.007  1
0.019  0.008  0
0.019  0.009  2
0.019  0.01  1
0.019  0.011  1
0.019  0.012  2
0.019  0.013  1
0.019  0.014  0
0.019  0.015  0
0.019  0.016  0
0.019  0.017  0
0.019  0.018  0
0.019  0.019  0
0.019  0.02  2
0.019  0.021  2
0.019  0.022  1
0.019  0.023  2
0.019  0.024  0
0.019  0.025  0
0.019  0.026  1
0.019  0.027  1
0.019  0.028  0
0.019  0.029  1
0.019  0.03  1
0.019  0.031  1
0.019  0.032  2
0.019  0.033  1
0.019  0.034  1
0.019  0.035  4
0.019  0.036  0
0.019  0.037  0
0.019  0.038  0
0.019  0.039  2
0.019  0.04  1
0.019  0.041  1
0.019  0.042  1
0.019  0.043  0
0.019  0.044  1
0.019  0.045  0
0.019  0.046  1
0.019  0.047  0
0.019  0.048  1
0.019  0.049  0
0.019  0.05  0
0.019  0.051  0
0.019  0.052  0
0.019  0.053  0
0.019  0.054  0
0.019  0.055  1
0.019  0.056  0
0.019  0.057  0
0.019  0.058  0
0.019  0.059  2
0.019  0.06  0
0.019  0.061  0
0.019  0.062  0
0.019  0.063  0
0.019  0.064  1
0.019  0.065  0
0.019  0.066  0
0.019  0.067  0
0.019  0.068  1
0.019  0.069  0
0.019  0.07  0
0.019  0.071  0
0.019  0.072  0
0.019  0.073  0
0.019  0.074  0
0.019  0.075  0
0.019  0.076  0
0.019  0.077  0
0.019  0.078  1
0.019  0.079  0
0.019  0.08  0
0.019  0.081  1
0.019  0.082  0
0.019  0.083  0
0.019  0.084  0
0.019  0.085  0
0.019  0.086  0
0.019  0.087  0
0.019  0.088  1
0.019  0.089  0
0.019  0.09  0
0.019  0.091  0
0.019  0.092  0
0.019  0.093  0
0.019  0.094  0
0.019  0.095  0
0.019  0.096  0
0.019  0.097  0
0.019  0.098  0
0.019  0.099  0

0.02  0  1
0.02  0.001  1
0.02  0.002  2
0.02  0.003  0
0.02  0.004  0
0.02  0.005  0
0.02  0.006  1
0.02  0.007  1
0.02  0.008  0
0.02  0.009  1
0.02  0.01  1
0.02  0.011  0
0.02  0.012  0
0.02  0.013  0
0.02  0.014  0
0.02  0.015  0
0.02  0.016  0
0.02  0.017  1
0.02  0.018  0
0.02  0.019  1
0.02  0.02  3
0.02  0.021  2
0.02  0.022  0
0.02  0.023  1
0.02  0.024  0
0.02  0.025  0
0.02  0.026  1
0.02  0.027  0
0.02  0.028  0
0.02  0.029  1
0.02  0.03  2
0.02  0.031  3
0.02  0.032  0
0.02  0.033  0
0.02  0.034  2
0.02  0.035  0
0.02  0.036  4
0.02  0.037  0
0.02  0.038  0
0.02  0.039  2
0.02  0.04  1
0.02  0.041  1
0.02  0.042  1
0.02  0.043  2
0.02  0.044  1
0.02  0.045  0
0.02  0.046  0
0.02  0.047  0
0.02  0.048  0
0.02  0.049  0
0.02  0.05  1
0.02  0.051  0
0.02  0.052  0
0.02  0.053  0
0.02  0.054  0
0.02  0.055  0
0.02  0.056  0
0.02  0.057  1
0.02  0.058  0
0.02  0.059  0
0.02  0.06  1
0.02  0.061  0
0.02  0.062  0
0.02  0.063  1
0.02  0.064  0
0.02  0.065  1
0.02  0.066  0
0.02  0.067  0
0.02  0.068  0
0.02  0.069  1
0.02  0.07  1
0.02  0.071  0
0.02  0.072  0
0.02  0.073  0
0.02  0.074  1
0.02  0.075  0
0.02  0.076  0
0.02  0.077  0
0.02  0.078  0
0.02  0.079  0
0.02  0.08  0
0.02  0.081  0
0.02  0.082  0
0.02  0.083  0
0.02  0.084  0
0.02  0.085  0
0.02  0.086  0
0.02  0.087  0
0.02  0.088  0
0.02  0.089  0
0.02  0.09  0
0.02  0.091  0
0.02  0.092  1
0.02  0.093  0
0.02  0.094  0
0.02  0.095  0
0.02  0.096  0
0.02  0.097  0
0.02  0.098  0
0.02  0.099  0

0.021  0  0
0.021  0.001  0
0.021  0.002  1
0.021  0.003  0
0.021  0.004  0
0.021  0.005  0
0.021  0.006  0
0.021  0.007  1
0.021  0.008  0
0.021  0.009  0
0.021  0.01  0
0.021  0.011  0
0.021  0.012  0
0.021  0.013  0
0.021  0.014  0
0.021  0.015  2
0.021  0.016  0
0.021  0.017  2
0.021  0.018  1
0.021  0.019  2
0.021  0.02  3
0.021  0.021  1
0.021  0.022  0
0.021  0.023  0
0.021  0.024  5
0.021  0.025  0
0.021  0.026  2
0.021  0.027  0
0.021  0.028  1
0.021  0.029  1
0.021  0.03  1
0.021  0.031  0
0.021  0.032  2
0.021  0.033  1
0.021  0.034  2
0.021  0.035  2
0.021  0.036  1
0.021  0.037  2
0.021  0.038  1
0.021  0.039  0
0.021  0.04  2
0.021  0.041  0
0.021  0.042  2
0.021  0.043  0
0.021  0.044  1
0.021  0.045  0
0.021  0.046  2
0.021  0.047  0
0.021  0.048  1
0.021  0.049  2
0.021  0.05  2
0.021  0.051  0
0.021  0.052  1
0.021  0.053  1
0.021  0.054  0
0.021  0.055  0
0.021  0.056  0
0.021  0.057  0
0.021  0.058  1
0.021  0.059  0
0.021  0.06  0
0.021  0.061  1
0.021  0.062  0
0.021  0.063  0
0.021  0.064  0
0.021  0.065  0
0.021  0.066  0
0.021  0.067  0
0.021  0.068  1
0.021  0.069  0
0.021  0.07  0
0.021  0.071  0
0.021  0.072  0
0.021  0.073  0
0.021  0.074  0
0.021  0.075  0
0.021  0.076  1
0.021  0.077  0
0.021  0.078  0
0.021  0.079  0
0.021  0.08  1
0.021  0.081  0
0.021  0.082  0
0.021  0.083  0
0.021  0.084  0
0.021  0.085  0
0.021  0.086  1
0.021  0.087  1
0.021  0.088  0
0.021  0.089  0
0.021  0.09  0
0.021  0.091  0
0.021  0.092  0
0.021  0.093  0
0.021  0.094  0
0.021  0.095  0
0.021  0.096  0
0.021  0.097  0
0.021  0.098  0
0.021  0.099  0

0.022  0  0
0.022  0.001  0
0.022  0.002  0
0.022  0.003  0
0.022  0.004  0
0.022  0.005  0
0.022  0.006  0
0.022  0.007  1
0.022  0.008  1
0.022  0.009  0
0.022  0.01  1
0.022  0.011  0
0.022  0.012  1
0.022  0.013  1
0.022  0.014  0
0.022  0.015  0
0.022  0.016  0
0.022  0.017  1
0.022  0.018  0
0.022  0.019  0
0.022  0.02  0
0.022  0.021  0
0.022  0.022  1
0.022  0.023  0
0.022  0.024  2
0.022  0.025  0
0.022  0.026  0
0.022  0.027  0
0.022  0.028  1
0.022  0.029  0
0.022  0.03  0
0.022  0.031  3
0.022  0.032  1
0.022  0.033  2
0.022  0.034  2
0.022  0.035  0
0.022  0.036  1
0.022  0.037  2
0.022  0.038  1
0.022  0.039  0
0.022  0.04  1
0.022  0.041  1
0.022  0.042  1
0.022  0.043  1
0.022  0.044  1
0.022  0.045  0
0.022  0.046  1
0.022  0.047  1
0.022  0.048  1
0.022  0.049  2
0.022  0.05  0
0.022  0.051  1
0.022  0.052  0
0.022  0.053  1
0.022  0.054  0
0.022  0.055  0
0.022  0.056  0
0.022  0.057  1
0.022  0.058  1
0.022  0.059  1
0.022  0.06  0
0.022  0.061  1
0.022  0.062  0
0.022  0.063  1
0.022  0.064  0
0.022  0.065  0
0.022  0.066  0
0.022  0.067  0
0.022  0.068  0
0.022  0.069  0
0.022  0.07  0
0.022  0.071  1
0.022  0.072  1
0.022  0.073  0
0.022  0.074  1
0.022  0.075  0
0.022  0.076  0
0.022  0.077  0
0.022  0.078  0
0.022  0.079  0
0.022  0.08  1
0.022  0.081  1
0.022  0.082  0
0.022  0.083  0
0.022  0.084  0
0.022  0.085  0
0.022  0.086  0
0.022  0.087  0
0.022  0.088  1
0.022  0.089  0
0.022  0.09  0
0.022  0.091  0
0.022  0.092  0
0.022  0.093  0
0.022  0.094  0
0.022  0.095  0
0.022  0.096  1
0.022  0.097  0
0.022  0.098  0
0.022  0.099  0

0.023  0  0
0.023  0.001  0
0.023  0.002  2
0.023  0.003  0
0.023  0.004  0
0.023  0.005  0
0.023  0.006  0
0.023  0.007  0
0.023  0.008  0
0.023  0.009  1
0.023  0.01  0
0.023  0.011  0
0.023  0.012  0
0.023  0.013  0
0.023  0.014  0
0.023  0.015  0
0.023  0.016  0
0.023  0.017  0
0.023  0.018  1
0.023  0.019  1
0.023  0.02  0
0.023  0.021  1
0.023  0.022  0
0.023  0.023  0
0.023  0.024  1
0.023  0.025  0
0.023  0.026  1
0.023  0.027  0
0.023  0.028  0
0.023  0.029  1
0.023  0.03  0
0.023  0.031  0
0.023  0.032  1
0.023  0.033  2
0.023  0.034  0
0.023  0.035  0
0.023  0.036  1
0.023  0.037  0
0.023  0.038  1
0.023  0.039  0
0.023  0.04  1
0.023  0.041  0
0.023  0.042  0
0.023  0.043  0
0.023  0.044  1
0.023  0.045  2
0.023  0.046  1
0.023  0.047  0
0.023  0.048  4
0.023  0.049  2
0.023  0.05  0
0.023  0.051  1
0.023  0.052  0
0.023  0.053  0
0.023  0.054  1
0.023  0.055  0
0.023  0.056  1
0.023  0.057  0
0.023  0.058  1
0.023  0.059  0
0.023  0.06  0
0.023  0.061  0
0.023  0.062  0
0.023  0.063  0
0.023  0.064  1
0.023  0.065  0
0.023  0.066  0
0.023  0.067  0
0.023  0.068  0
0.023  0.069  2
0.023  0.07  0
0.023  0.071  0
0.023  0.072  0
0.023  0.073  0
0.023  0.074  0
0.023  0.075  0
0.023  0.076  0
0.023  0.077  0
0.023  0.078  1
0.023  0.079  0
0.023  0.08  0
0.023  0.081  1
0.023  0.082  0
0.023  0.083  0
0.023  0.084  0
0.023  0.085  0
0.023  0.086  0
0.023  0.087  0
0.023  0.088  0
0.023  0.089  0
0.023  0.09  0
0.023  0.091  0
0.023  0.092  0
0.023  0.093  0
0.023  0.094  0
0.023  0.095  0
0.023  0.096  0
0.023  0.097  0
0.023  0.098  1
0.023  0.099  0

0.024  0  0
0.024  0.001  0
0.024  0.002  0
0.024  0.003  0
0.024  0.004  0
0.024  0.005  0
0.024  0.006  0
0.024  0.007  1
0.024  0.008  0
0.024  0.009  0
0.024  0.01  1
0.024  0.011  0
0.024  0.012  0
0.024  0.013  1
0.024  0.014  0
0.024  0.015  0
0.024  0.016  0
0.024  0.017  1
0.024  0.018  0
0.024  0.019  2
0.024  0.02  0
0.024  0.021  1
0.024  0.022  1
0.024  0.023  1
0.024  0.024  1
0.024  0.025  1
0.024  0.026  1
0.024  0.027  0
0.024  0.028  0
0.024  0.029  0
0.024  0.03  1
0.024  0.031  1
0.024  0.032  2
0.024  0.033  0
0.024  0.034  1
0.024  0.035  0
0.024  0.036  1
0.024  0.037  1
0.024  0.038  1
0.024  0.039  0
0.024  0.04  0
0.024  0.041  1
0.024  0.042  1
0.024  0.043  1
0.024  0.044  0
0.024  0.045  1
0.024  0.046  0
0.024  0.047  1
0.024  0.048  0
0.024  0.049  2
0.024  0.05  1
0.024  0.051  0
0.024  0.052  0
0.024  0.053  0
0.024  0.054  1
0.024  0.055  1
0.024  0.056  0
0.024  0.057  0
0.024  0.058  0
0.024  0.059  0
0.024  0.06  0
0.024  0.061  0
0.024  0.062  0
0.024  0.063  0
0.024  0.064  0
0.024  0.065  0
0.024  0.066  1
0.024  0.067  0
0.024  0.068  1
0.024  0.069  1
0.024  0.07  0
0.024  0.071  0
0.024  0.072  0
0.024  0.073  0
0.024  0.074  0
0.024  0.075  0
0.024  0.076  0
0.024  0.077  0
0.024  0.078  0
0.024  0.079  0
0.024  0.08  1
0.024  0.081  1
0.024  0.082  0
0.024  0.083  0
0.024  0.084  0
0.024  0.085  0
0.024  0.086  0
0.024  0.087  0
0.024  0.088  0
0.024  0.089  0
0.024  0.09  0
0.024  0.091  0
0.024  0.092  0
0.024  0.093  0
0.024  0.094  0
0.024  0.095  0
0.024  0.096  0
0.024  0.097  0
0.024  0.098  0
0.024  0.099  0

0.025  0  0
0.025  0.001  0
0.025  0.002  1
0.025  0.003  0
0.025  0.004  0
0.025  0.005  0
0.025  0.006  0
0.025  0.007  0
0.025  0.008  0
0.025  0.009  0
0.025  0.01  0
0.025  0.011  0
0.025  0.012  0
0.025  0.013  1
0.025  0.014  0
0.025  0.015  0
0.025  0.016  0
0.025  0.017  0
0.025  0.018  0
0.025  0.019  0
0.025  0.02  0
0.025  0.021  0
0.025  0.022  0
0.025  0.023  0
0.025  0.024  0
0.025  0.025  1
0.025  0.026  1
0.025  0.027  1
0.025  0.028  1
0.025  0.029  0
0.025  0.03  1
0.025  0.031  3
0.025  0.032  2
0.025  0.033  0
0.025  0.034  1
0.025  0.035  1
0.025  0.036  1
0.025  0.037  1
0.025  0.038  2
0.025  0.039  0
0.025  0.04  1
0.025  0.041  0
0.025  0.042  0
0.025  0.043  1
0.025  0.044  3
0.025  0.045  0
0.025  0.046  0
0.025  0.047  0
0.025  0.048  1
0.025  0.049  0
0.025  0.05  0
0.025  0.051  1
0.025  0.052  1
0.025  0.053  0
0.025  0.054  1
0.025  0.055  0
0.025  0.056  1
0.025  0.057  0
0.025  0.058  0
0.025  0.059  0
0.025  0.06  0
0.025  0.061  0
0.025  0.062  0
0.025  0.063  1
0.025  0.064  0
0.025  0.065  1
0.025  0.066  1
0.025  0.067  0
0.025  0.068  0
0.025  0.069  0
0.025  0.07  0
0.025  0.071  0
0.025  0.072  0
0.025  0.073  0
0.025  0.074  0
0.025  0.075  0
0.025  0.076  0
0.025  0.077  0
0.025  0.078  0
0.025  0.079  0
0.025  0.08  0
0.025  0.081  0
0.025  0.082  0
0.025  0.083  0
0.025  0.084  0
0.025  0.085  1
0.025  0.086  0
0.025  0.087  0
0.025  0.088  0
0.025  0.089  0
0.025  0.09  0
0.025  0.091  0
0.025  0.092  0
0.025  0.093  0
0.025  0.094  0
0.025  0.095  0
0.025  0.096  0
0.025  0.097  0
0.025  0.098  0
0.025  0.099  0

0.026  0  0
0.026  0.001  0
0.026  0.002  0
0.026  0.003  0
0.026  0.004  0
0.026  0.005  0
0.026  0.006  1
0.026  0.007  0
0.026  0.008  0
0.026  0.009  1
0.026  0.01  0
0.026  0.011  0
0.026  0.012  0
0.026  0.013  1
0.026  0.014  1
0.026  0.015  0
0.026  0.016  0
0.026  0.017  2
0.026  0.018  1
0.026  0.019  0
0.026  0.02  1
0.026  0.021  1
0.026  0.022  0
0.026  0.023  0
0.026  0.024  1
0.026  0.025  1
0.026  0.026  1
0.026  0.027  0
0.026  0.028  2
0.026  0.029  0
0.026  0.03  0
0.026  0.031  0
0.026  0.032  1
0.026  0.033  0
0.026  0.034  1
0.026  0.035  3
0.026  0.036  1
0.026  0.037  1
0.026  0.038  0
0.026  0.039  2
0.026  0.04  0
0.026  0.041  1
0.026  0.042  2
0.026  0.043  0
0.026  0.044  0
0.026  0.045  3
0.026  0.046  1
0.026  0.047  0
0.026  0.048  0
0.026  0.049  1
0.026  0.05  0
0.026  0.051  0
0.026  0.052  1
0.026  0.053  1
0.026  0.054  0
0.026  0.055  1
0.026  0.056  0
0.026  0.057  0
0.026  0.058  0
0.026  0.059  0
0.026  0.06  0
0.026  0.061  0
0.026  0.062  0
0.026  0.063  0
0.026  0.064  1
0.026  0.065  0
0.026  0.066  0
0.026  0.067  2
0.026  0.068  0
0.026  0.069  1
0.026  0.07  0
0.026  0.071  0
0.026  0.072  0
0.026  0.073  0
0.026  0.074  0
0.026  0.075  0
0.026  0.076  1
0.026  0.077  0
0.026  0.078  0
0.026  0.079  0
0.026  0.08  0
0.026  0.081  0
0.026  0.082  1
0.026  0.083  0
0.026  0.084  0
0.026  0.085  1
0.026  0.086  0
0.026  0.087  0
0.026  0.088  0
0.026  0.089  0
0.026  0.09  0
0.026  0.091  0
0.026  0.092  0
0.026  0.093  1
0.026  0.094  0
0.026  0.095  0
0.026  0.096  0
0.026  0.097  0
0.026  0.098  0
0.026  0.099  0

0.027  0  0
0.027  0.001  0
0.027  0.002  0
0.027  0.003  0
0.027  0.004  0
0.027  0.005  1
0.027  0.006  0
0.027  0.007  0
0.027  0.008  0
0.027  0.009  0
0.027  0.01  0
0.027  0.011  1
0.027  0.012  0
0.027  0.013  0
0.027  0.014  0
0.027  0.015  1
0.027  0.016  0
0.027  0.017  0
0.027  0.018  0
0.027  0.019  0
0.027  0.02  0
0.027  0.021  1
0.027  0.022  0
0.027  0.023  1
0.027  0.024  0
0.027  0.025  1
0.027  0.026  1
0.027  0.027  1
0.027  0.028  0
0.027  0.029  1
0.027  0.03  0
0.027  0.031  0
0.027  0.032  1
0.027  0.033  0
0.027  0.034  2
0.027  0.035  0
0.027  0.036  0
0.027  0.037  1
0.027  0.038  0
0.027  0.039  0
0.027  0.04  1
0.027  0.041  2
0.027  0.042  1
0.027  0.043  0
0.027  0.044  2
0.027  0.045  1
0.027  0.046  1
0.027  0.047  1
0.027  0.048  1
0.027  0.049  0
0.027  0.05  0
0.027  0.051  1
0.027  0.052  0
0.027  0.053  0
0.027  0.054  0
0.027  0.055  0
0.027  0.056  0
0.027  0.057  0
0.027  0.058  2
0.027  0.059  0
0.027  0.06  0
0.027  0.061  2
0.027  0.062  1
0.027  0.063  0
0.027  0.064  0
0.027  0.065  1
0.027  0.066  1
0.027  0.067  1
0.027  0.068  0
0.027  0.069  0
0.027  0.07  1
0.027  0.071  0
0.027  0.072  0
0.027  0.073  0
0.027  0.074  0
0.027  0.075  0
0.027  0.076  0
0.027  0.077  0
0.027  0.078  1
0.027  0.079  0
0.027  0.08  0
0.027  0.081  1
0.027  0.082  0
0.027  0.083  1
0.027  0.084  0
0.027  0.085  0
0.027  0.086  0
0.027  0.087  0
0.027  0.088  0
0.027  0.089  0
0.027  0.09  0
0.027  0.091  0
0.027  0.092  0
0.027  0.093  0
0.027  0.094  0
0.027  0.095  0
0.027  0.096  0
0.027  0.097  0
0.027  0.098  0
0.027  0.099  0

0.028  0  0
0.028  0.001  0
0.028  0.002  1
0.028  0.003  0
0.028  0.004  0
0.028  0.005  1
0.028  0.006  1
0.028  0.007  0
0.028  0.008  0
0.028  0.009  0
0.028  0.01  1
0.028  0.011  0
0.028  0.012  0
0.028  0.013  0
0.028  0.014  0
0.028  0.015  1
0.028  0.016  1
0.028  0.017  1
0.028  0.018  0
0.028  0.019  0
0.028  0.02  0
0.028  0.021  1
0.028  0.022  0
0.028  0.023  1
0.028  0.024  0
0.028  0.025  0
0.028  0.026  1
0.028  0.027  0
0.028  0.028  0
0.028  0.029  1
0.028  0.03  1
0.028  0.031  0
0.028  0.032  2
0.028  0.033  1
0.028  0.034  1
0.028  0.035  1
0.028  0.036  1
0.028  0.037  0
0.028  0.038  2
0.028  0.039  1
0.028  0.04  1
0.028  0.041  0
0.028  0.042  1
0.028  0.043  1
0.028  0.044  1
0.028  0.045  1
0.028  0.046  0
0.028  0.047  0
0.028  0.048  0
0.028  0.049  0
0.028  0.05  0
0.028  0.051  0
0.028  0.052  0
0.028  0.053  0
0.028  0.054  0
0.028  0.055  0
0.028  0.056  0
0.028  0.057  0
0.028  0.058  0
0.028  0.059  0
0.028  0.06  0
0.028  0.061  1
0.028  0.062  0
0.028  0.063  1
0.028  0.064  0
0.028  0.065  0
0.028  0.066  0
0.028  0.067  1
0.028  0.068  2
0.028  0.069  0
0.028  0.07  0
0.028  0.071  0
0.028  0.072  0
0.028  0.073  0
0.028  0.074  0
0.028  0.075  1
0.028  0.076  0
0.028  0.077  0
0.028  0.078  0
0.028  0.079  0
0.028  0.08  0
0.028  0.081  0
0.028  0.082  0
0.028  0.083  0
0.028  0.084  0
0.028  0.085  0
0.028  0.086  0
0.028  0.087  0
0.028  0.088  0
0.028  0.089  0
0.028  0.09  0
0.028  0.091  0
0.028  0.092  0
0.028  0.093  0
0.028  0.094  0
0.028  0.095  0
0.028  0.096  0
0.028  0.097  0
0.028  0.098  0
0.028  0.099  0

0.029  0  0
0.029  0.001  0
0.029  0.002  0
0.029  0.003  0
0.029  0.004  0
0.029  0.005  0
0.029  0.006  0
0.029  0.007  1
0.029  0.008  0
0.029  0.009  0
0.029  0.01  1
0.029  0.011  0
0.029  0.012  0
0.029  0.013  1
0.029  0.014  0
0.029  0.015  1
0.029  0.016  0
0.029  0.017  1
0.029  0.018  1
0.029  0.019  0
0.029  0.02  1
0.029  0.021  3
0.029  0.022  0
0.029  0.023  2
0.029  0.024  1
0.029  0.025  0
0.029  0.026  1
0.029  0.027  1
0.029  0.028  0
0.029  0.029  0
0.029  0.03  1
0.029  0.031  0
0.029  0.032  1
0.029  0.033  0
0.029  0.034  0
0.029  0.035  2
0.029  0.036  0
0.029  0.037  2
0.029  0.038  0
0.029  0.039  0
0.029  0.04  0
0.029  0.041  0
0.029  0.042  0
0.029  0.043  3
0.029  0.044  1
0.029  0.045  0
0.029  0.046  1
0.029  0.047  1
0.029  0.048  1
0.029  0.049  0
0.029  0.05  1
0.029  0.051  0
0.029  0.052  0
0.029  0.053  1
0.029  0.054  0
0.029  0.055  0
0.029  0.056  0
0.029  0.057  1
0.029  0.058  1
0.029  0.059  1
0.029  0.06  1
0.029  0.061  0
0.029  0.062  0
0.029  0.063  1
0.029  0.064  0
0.029  0.065  0
0.029  0.066  0
0.029  0.067  0
0.029  0.068  0
0.029  0.069  0
0.029  0.07  0
0.029  0.071  1
0.029  0.072  0
0.029  0.073  1
0.029  0.074  0
0.029  0.075  0
0.029  0.076  0
0.029  0.077  0
0.029  0.078  0
0.029  0.079  1
0.029  0.08  0
0.029  0.081  0
0.029  0.082  0
0.029  0.083  0
0.029  0.084  0
0.029  0.085  0
0.029  0.086  0
0.029  0.087  0
0.029  0.088  1
0.029  0.089  0
0.029  0.09  0
0.029  0.091  1
0.029  0.092  0
0.029  0.093  0
0.029  0.094  0
0.029  0.095  0
0.029  0.096  0
0.029  0.097  1
0.029  0.098  0
0.029  0.099  1

0.03  0  0
0.03  0.001  0
0.03  0.002  0
0.03  0.003  0
0.03  0.004  0
0.03  0.005  0
0.03  0.006  0
0.03  0.007  0
0.03  0.008  0
0.03  0.009  0
0.03  0.01  0
0.03  0.011  0
0.03  0.012  0
0.03  0.013  1
0.03  0.014  0
0.03  0.015  1
0.03  0.016  1
0.03  0.017  2
0.03  0.018  0
0.03  0.019  0
0.03  0.02  0
0.03  0.021  3
0.03  0.022  0
0.03  0.023  0
0.03  0.024  0
0.03  0.025  0
0.03  0.026  0
0.03  0.027  0
0.03  0.028  0
0.03  0.029  0
0.03  0.03  0
0.03  0.031  2
0.03  0.032  0
0.03  0.033  0
0.03  0.034  0
0.03  0.035  2
0.03  0.036  0
0.03  0.037  1
0.03  0.038  1
0.03  0.039  0
0.03  0.04  0
0.03  0.041  1
0.03  0.042  0
0.03  0.043  0
0.03  0.044  0
0.03  0.045  0
0.03  0.046  2
0.03  0.047  2
0.03  0.048  0
0.03  0.049  0
0.03  0.05  0
0.03  0.051  0
0.03  0.052  2
0.03  0.053  1
0.03  0.054  1
0.03  0.055  1
0.03  0.056  0
0.03  0.057  1
0.03  0.058  0
0.03  0.059  0
0.03  0.06  0
0.03  0.061  0
0.03  0.062  1
0.03  0.063  0
0.03  0.064  1
0.03  0.065  0
0.03  0.066  3
0.03  0.067  0
0.03  0.068  0
0.03  0.069  2
0.03  0.07  0
0.03  0.071  0
0.03  0.072  0
0.03  0.073  0
0.03  0.074  0
0.03  0.075  0
0.03  0.076  0
0.03  0.077  0
0.03  0.078  0
0.03  0.079  0
0.03  0.08  0
0.03  0.081  0
0.03  0.082  0
0.03  0.083  0
0.03  0.084  0
0.03  0.085  0
0.03  0.086  0
0.03  0.087  0
0.03  0.088  0
0.03  0.089  0
0.03  0.09  0
0.03  0.091  0
0.03  0.092  1
0.03  0.093  0
0.03  0.094  1
0.03  0.095  0
0.03  0.096  0
0.03  0.097  2
0.03  0.098  0
0.03  0.099  0

0.031  0  0
0.031  0.001  0
0.031  0.002  0
0.031  0.003  0
0.031  0.004  0
0.031  0.005  0
0.031  0.006  0
0.031  0.007  0
0.031  0.008  0
0.031  0.009  0
0.031  0.01  0
0.031  0.011  0
0.031  0.012  0
0.031  0.013  0
0.031  0.014  0
0.031  0.015  0
0.031  0.016  0
0.031  0.017  2
0.031  0.018  1
0.031  0.019  0
0.031  0.02  1
0.031  0.021  0
0.031  0.022  1
0.031  0.023  0
0.031  0.024  1
0.031  0.025  0
0.031  0.026  0
0.031  0.027  1
0.031  0.028  0
0.031  0.029  0
0.031  0.03  1
0.031  0.031  0
0.031  0.032  2
0.031  0.033  0
0.031  0.034  0
0.031  0.035  1
0.031  0.036  1
0.031  0.037  0
0.031  0.038  2
0.031  0.039  1
0.031  0.04  0
0.031  0.041  1
0.031  0.042  1
0.031  0.043  0
0.031  0.044  0
0.031  0.045  1
0.031  0.046  0
0.031  0.047  1
0.031  0.048  1
0.031  0.049  1
0.031  0.05  1
0.031  0.051  0
0.031  0.052  0
0.031  0.053  0
0.031  0.054  0
0.031  0.055  1
0.031  0.056  0
0.031  0.057  0
0.031  0.058  0
0.031  0.059  1
0.031  0.06  0
0.031  0.061  2
0.031  0.062  0
0.031  0.063  0
0.031  0.064  0
0.031  0.065  0
0.031  0.066  0
0.031  0.067  1
0.031  0.068  0
0.031  0.069  1
0.031  0.07  1
0.031  0.071  0
0.031  0.072  1
0.031  0.073  0
0.031  0.074  0
0.031  0.075  0
0.031  0.076  1
0.031  0.077  0
0.031  0.078  1
0.031  0.079  0
0.031  0.08  0
0.031  0.081  0
0.031  0.082  1
0.031  0.083  0
0.031  0.084  1
0.031  0.085  1
0.031  0.086  0
0.031  0.087  0
0.031  0.088  0
0.031  0.089  0
0.031  0.09  1
0.031  0.091  0
0.031  0.092  0
0.031  0.093  0
0.031  0.094  0
0.031  0.095  0
0.031  0.096  0
0.031  0.097  0
0.031  0.098  0
0.031  0.099  0

0.032  0  0
0.032  0.001  0
0.032  0.002  0
0.032  0.003  0
0.032  0.004  0
0.032  0.005  0
0.032  0.006  0
0.032  0.007  0
0.032  0.008  0
0.032  0.009  0
0.032  0.01  0
0.032  0.011  0
0.032  0.012  0
0.032  0.013  0
0.032  0.014  0
0.032  0.015  0
0.032  0.016  0
0.032  0.017  0
0.032  0.018  0
0.032  0.019  1
0.032  0.02  0
0.032  0.021  0
0.032  0.022  1
0.032  0.023  0
0.032  0.024  0
0.032  0.025  1
0.032  0.026  1
0.032  0.027  0
0.032  0.028  0
0.032  0.029  1
0.032  0.03  0
0.032  0.031  1
0.032  0.032  0
0.032  0.033  0
0.032  0.034  0
0.032  0.035  0
0.032  0.036  2
0.032  0.037  1
0.032  0.038  0
0.032  0.039  1
0.032  0.04  0
0.032  0.041  0
0.032  0.042  1
0.032  0.043  0
0.032  0.044  0
0.032  0.045  1
0.032  0.046  0
0.032  0.047  1
0.032  0.048  0
0.032  0.049  0
0.032  0.05  0
0.032  0.051  1
0.032  0.052  0
0.032  0.053  0
0.032  0.054  0
0.032  0.055  0
0.032  0.056  0
0.032  0.057  0
0.032  0.058  2
0.032  0.059  1
0.032  0.06  0
0.032  0.061  0
0.032  0.062  1
0.032  0.063  0
0.032  0.064  1
0.032  0.065  0
0.032  0.066  1
0.032  0.067  2
0.032  0.068  0
0.032  0.069  1
0.032  0.07  0
0.032  0.071  0
0.032  0.072  1
0.032  0.073  0
0.032  0.074  0
0.032  0.075  0
0.032  0.076  0
0.032  0.077  1
0.032  0.078  1
0.032  0.079  0
0.032  0.08  0
0.032  0.081  0
0.032  0.082  0
0.032  0.083  0
0.032  0.084  0
0.032  0.085  0
0.032  0.086  0
0.032  0.087  0
0.032  0.088  0
0.032  0.089  0
0.032  0.09  0
0.032  0.091  0
0.032  0.092  0
0.032  0.093  0
0.032  0.094  0
0.032  0.095  0
0.032  0.096  0
0.032  0.097  0
0.032  0.098  1
0.032  0.099  0

0.033  0  0
0.033  0.001  0
0.033  0.002  0
0.033  0.003  0
0.033  0.004  0
0.033  0.005  1
0.033  0.006  0
0.033  0.007  0
0.033  0.008  0
0.033  0.009  1
0.033  0.01  0
0.033  0.011  0
0.033  0.012  0
0.033  0.013  1
0.033  0.014  0
0.033  0.015  0
0.033  0.016  0
0.033  0.017  2
0.033  0.018  1
0.033  0.019  1
0.033  0.02  0
0.033  0.021  0
0.033  0.022  0
0.033  0.023  0
0.033  0.024  0
0.033  0.025  1
0.033  0.026  0
0.033  0.027  0
0.033  0.028  1
0.033  0.029  1
0.033  0.03  0
0.033  0.031  0
0.033  0.032  0
0.033  0.033  0
0.033  0.034  1
0.033  0.035  0
0.033  0.036  2
0.033  0.037  0
0.033  0.038  0
0.033  0.039  0
0.033  0.04  0
0.033  0.041  2
0.033  0.042  1
0.033  0.043  0
0.033  0.044  1
0.033  0.045  1
0.033  0.046  0
0.033  0.047  0
0.033  0.048  0
0.033  0.049  1
0.033  0.05  1
0.033  0.051  0
0.033  0.052  0
0.033  0.053  1
0.033  0.054  0
0.033  0.055  0
0.033  0.056  0
0.033  0.057  0
0.033  0.058  0
0.033  0.059  0
0.033  0.06  1
0.033  0.061  0
0.033  0.062  1
0.033  0.063  0
0.033  0.064  0
0.033  0.065  0
0.033  0.066  0
0.033  0.067  0
0.033  0.068  0
0.033  0.069  0
0.033  0.07  0
0.033  0.071  0
0.033  0.072  0
0.033  0.073  0
0.033  0.074  0
0.033  0.075  0
0.033  0.076  0
0.033  0.077  0
0.033  0.078  0
0.033  0.079  0
0.033  0.08  0
0.033  0.081  0
0.033  0.082  1
0.033  0.083  0
0.033  0.084  0
0.033  0.085  1
0.033  0.086  0
0.033  0.087  0
0.033  0.088  0
0.033  0.089  0
0.033  0.09  0
0.033  0.091  0
0.033  0.092  0
0.033  0.093  0
0.033  0.094  0
0.033  0.095  0
0.033  0.096  0
0.033  0.097  0
0.033  0.098  0
0.033  0.099  0

0.034  0  0
0.034  0.001  0
0.034  0.002  1
0.034  0.003  0
0.034  0.004  0
0.034  0.005  0
0.034  0.006  0
0.034  0.007  0
0.034  0.008  0
0.034  0.009  0
0.034  0.01  0
0.034  0.011  0
0.034  0.012  0
0.034  0.013  0
0.034  0.014  0
0.034  0.015  0
0.034  0.016  0
0.034  0.017  0
0.034  0.018  0
0.034  0.019  0
0.034  0.02  0
0.034  0.021  0
0.034  0.022  0
0.034  0.023  1
0.034  0.024  0
0.034  0.025  0
0.034  0.026  1
0.034  0.027  0
0.034  0.028  0
0.034  0.029  0
0.034  0.03  0
0.034  0.031  0
0.034  0.032  0
0.034  0.033  1
0.034  0.034  0
0.034  0.035  0
0.034  0.036  0
0.034  0.037  0
0.034  0.038  1
0.034  0.039  0
0.034  0.04  0
0.034  0.041  0
0.034  0.042  0
0.034  0.043  0
0.034  0.044  1
0.034  0.045  0
0.034  0.046  0
0.034  0.047  0
0.034  0.048  0
0.034  0.049  1
0.034  0.05  1
0.034  0.051  1
0.034  0.052  0
0.034  0.053  0
0.034  0.054  0
0.034  0.055  0
0.034  0.056  0
0.034  0.057  0
0.034  0.058  0
0.034  0.059  0
0.034  0.06  0
0.034  0.061  0
0.034  0.062  0
0.034  0.063  1
0.034  0.064  2
0.034  0.065  0
0.034  0.066  0
0.034  0.067  1
0.034  0.068  0
0.034  0.069  0
0.034  0.07  0
0.034  0.071  1
0.034  0.072  0
0.034  0.073  0
0.034  0.074  0
0.034  0.075  0
0.034  0.076  1
0.034  0.077  1
0.034  0.078  1
0.034  0.079  0
0.034  0.08  0
0.034  0.081  0
0.034  0.082  0
0.034  0.083  0
0.034  0.084  0
0.034  0.085  0
0.034  0.086  0
0.034  0.087  0
0.034  0.088  0
0.034  0.089  0
0.034  0.09  0
0.034  0.091  0
0.034  0.092  0
0.034  0.093  0
0.034  0.094  0
0.034  0.095  0
0.034  0.096  0
0.034  0.097  0
0.034  0.098  0
0.034  0.099  0

0.035  0  1
0.035  0.001  0
0.035  0.002  0
0.035  0.003  0
0.035  0.004  0
0.035  0.005  0
0.035  0.006  1
0.035  0.007  0
0.035  0.008  0
0.035  0.009  0
0.035  0.01  0
0.035  0.011  0
0.035  0.012  0
0.035  0.013  1
0.035  0.014  0
0.035  0.015  0
0.035  0.016  0
0.035  0.017  0
0.035  0.018  0
0.035  0.019  0
0.035  0.02  0
0.035  0.021  0
0.035  0.022  0
0.035  0.023  0
0.035  0.024  0
0.035  0.025  0
0.035  0.026  2
0.035  0.027  0
0.035  0.028  0
0.035  0.029  0
0.035  0.03  0
0.035  0.031  2
0.035  0.032  1
0.035  0.033  1
0.035  0.034  1
0.035  0.035  2
0.035  0.036  0
0.035  0.037  1
0.035  0.038  0
0.035  0.039  0
0.035  0.04  0
0.035  0.041  0
0.035  0.042  1
0.035  0.043  0
0.035  0.044  0
0.035  0.045  0
0.035  0.046  0
0.035  0.047  2
0.035  0.048  0
0.035  0.049  0
0.035  0.05  0
0.035  0.051  0
0.035  0.052  0
0.035  0.053  0
0.035  0.054  0
0.035  0.055  0
0.035  0.056  0
0.035  0.057  0
0.035  0.058  1
0.035  0.059  1
0.035  0.06  0
0.035  0.061  1
0.035  0.062  0
0.035  0.063  0
0.035  0.064  0
0.035  0.065  0
0.035  0.066  0
0.035  0.067  0
0.035  0.068  0
0.035  0.069  0
0.035  0.07  0
0.035  0.071  0
0.035  0.072  0
0.035  0.073  0
0.035  0.074  0
0.035  0.075  0
0.035  0.076  0
0.035  0.077  0
0.035  0.078  0
0.035  0.079  0
0.035  0.08  0
0.035  0.081  0
0.035  0.082  0
0.035  0.083  1
0.035  0.084  0
0.035  0.085  0
0.035  0.086  0
0.035  0.087  0
0.035  0.088  0
0.035  0.089  0
0.035  0.09  0
0.035  0.091  1
0.035  0.092  0
0.035  0.093  0
0.035  0.094  0
0.035  0.095  0
0.035  0.096  0
0.035  0.097  0
0.035  0.098  0
0.035  0.099  0

0.036  0  0
0.036  0.001  0
0.036  0.002  0
0.036  0.003  0
0.036  0.004  0
0.036  0.005  0
0.036  0.006  0
0.036  0.007  0
0.036  0.008  0
0.036  0.009  0
0.036  0.01  0
0.036  0.011  0
0.036  0.012  0
0.036  0.013  0
0.036  0.014  0
0.036  0.015  0
0.036  0.016  0
0.036  0.017  0
0.036  0.018  0
0.036  0.019  0
0.036  0.02  0
0.036  0.021  1
0.036  0.022  0
0.036  0.023  0
0.036  0.024  0
0.036  0.025  2
0.036  0.026  0
0.036  0.027  0
0.036  0.028  0
0.036  0.029  0
0.036  0.03  1
0.036  0.031  0
0.036  0.032  0
0.036  0.033  0
0.036  0.034  1
0.036  0.035  0
0.036  0.036  0
0.036  0.037  0
0.036  0.038  0
0.036  0.039  0
0.036  0.04  1
0.036  0.041  0
0.036  0.042  0
0.036  0.043  0
0.036  0.044  0
0.036  0.045  1
0.036  0.046  0
0.036  0.047  0
0.036  0.048  1
0.036  0.049  0
0.036  0.05  0
0.036  0.051  0
0.036  0.052  0
0.036  0.053  0
0.036  0.054  0
0.036  0.055  0
0.036  0.056  0
0.036  0.057  0
0.036  0.058  1
0.036  0.059  0
0.036  0.06  0
0.036  0.061  1
0.036  0.062  0
0.036  0.063  0
0.036  0.064  0
0.036  0.065  1
0.036  0.066  0
0.036  0.067  0
0.036  0.068  0
0.036  0.069  1
0.036  0.07  0
0.036  0.071  0
0.036  0.072  0
0.036  0.073  1
0.036  0.074  0
0.036  0.075  0
0.036  0.076  0
0.036  0.077  1
0.036  0.078  0
0.036  0.079  0
0.036  0.08  0
0.036  0.081  1
0.036  0.082  1
0.036  0.083  0
0.036  0.084  0
0.036  0.085  0
0.036  0.086  0
0.036  0.087  0
0.036  0.088  0
0.036  0.089  0
0.036  0.09  0
0.036  0.091  0
0.036  0.092  0
0.036  0.093  0
0.036  0.094  0
0.036  0.095  0
0.036  0.096  0
0.036  0.097  0
0.036  0.098  0
0.036  0.099  0

0.037  0  0
0.037  0.001  0
0.037  0.002  0
0.037  0.003  0
0.037  0.004  0
0.037  0.005  1
0.037  0.006  1
0.037  0.007  0
0.037  0.008  0
0.037  0.009  0
0.037  0.01  0
0.037  0.011  0
0.037  0.012  1
0.037  0.013  1
0.037  0.014  0
0.037  0.015  0
0.037  0.016  0
0.037  0.017  0
0.037  0.018  0
0.037  0.019  0
0.037  0.02  0
0.037  0.021  0
0.037  0.022  0
0.037  0.023  0
0.037  0.024  0
0.037  0.025  0
0.037  0.026  1
0.037  0.027  0
0.037  0.028  0
0.037  0.029  0
0.037  0.03  0
0.037  0.031  0
0.037  0.032  0
0.037  0.033  0
0.037  0.034  0
0.037  0.035  0
0.037  0.036  1
0.037  0.037  0
0.037  0.038  1
0.037  0.039  0
0.037  0.04  0
0.037  0.041  1
0.037  0.042  2
0.037  0.043  1
0.037  0.044  0
0.037  0.045  0
0.037  0.046  0
0.037  0.047  0
0.037  0.048  0
0.037  0.049  1
0.037  0.05  1
0.037  0.051  0
0.037  0.052  1
0.037  0.053  0
0.037  0.054  0
0.037  0.055  1
0.037  0.056  0
0.037  0.057  1
0.037  0.058  0
0.037  0.059  0
0.037  0.06  0
0.037  0.061  1
0.037  0.062  0
0.037  0.063  0
0.037  0.064  0
0.037  0.065  0
0.037  0.066  0
0.037  0.067  0
0.037  0.068  0
0.037  0.069  0
0.037  0.07  1
0.037  0.071  0
0.037  0.072  0
0.037  0.073  0
0.037  0.074  0
0.037  0.075  0
0.037  0.076  0
0.037  0.077  0
0.037  0.078  1
0.037  0.079  0
0.037  0.08  0
0.037  0.081  0
0.037  0.082  0
0.037  0.083  0
0.037  0.084  0
0.037  0.085  0
0.037  0.086  1
0.037  0.087  0
0.037  0.088  0
0.037  0.089  1
0.037  0.09  0
0.037  0.091  0
0.037  0.092  1
0.037  0.093  0
0.037  0.094  0
0.037  0.095  0
0.037  0.096  0
0.037  0.097  0
0.037  0.098  0
0.037  0.099  0

0.038  0  0
0.038  0.001  0
0.038  0.002  0
0.038  0.003  0
0.038  0.004  0
0.038  0.005  1
0.038  0.006  0
0.038  0.007  0
0.038  0.008  0
0.038  0.009  0
0.038  0.01  0
0.038  0.011  0
0.038  0.012  0
0.038  0.013  0
0.038  0.014  0
0.038  0.015  0
0.038  0.016  0
0.038  0.017  1
0.038  0.018  1
0.038  0.019  0
0.038  0.02  0
0.038  0.021  0
0.038  0.022  0
0.038  0.023  0
0.038  0.024  0
0.038  0.025  0
0.038  0.026  0
0.038  0.027  0
0.038  0.028  1
0.038  0.029  0
0.038  0.03  0
0.038  0.031  0
0.038  0.032  0
0.038  0.033  0
0.038  0.034  1
0.038  0.035  0
0.038  0.036  1
0.038  0.037  0
0.038  0.038  2
0.038  0.039  0
0.038  0.04  1
0.038  0.041  0
0.038  0.042  0
0.038  0.043  0
0.038  0.044  0
0.038  0.045  0
0.038  0.046  1
0.038  0.047  1
0.038  0.048  0
0.038  0.049  1
0.038  0.05  0
0.038  0.051  0
0.038  0.052  0
0.038  0.053  1
0.038  0.054  0
0.038  0.055  0
0.038  0.056  1
0.038  0.057  1
0.038  0.058  0
0.038  0.059  0
0.038  0.06  0
0.038  0.061  0
0.038  0.062  0
0.038  0.063  0
0.038  0.064  1
0.038  0.065  0
0.038  0.066  0
0.038  0.067  0
0.038  0.068  1
0.038  0.069  1
0.038  0.07  0
0.038  0.071  1
0.038  0.072  0
0.038  0.073  0
0.038  0.074  0
0.038  0.075  0
0.038  0.076  0
0.038  0.077  0
0.038  0.078  0
0.038  0.079  0
0.038  0.08  0
0.038  0.081  0
0.038  0.082  0
0.038  0.083  0
0.038  0.084  0
0.038  0.085  0
0.038  0.086  0
0.038  0.087  1
0.038  0.088  1
0.038  0.089  0
0.038  0.09  0
0.038  0.091  0
0.038  0.092  0
0.038  0.093  0
0.038  0.094  0
0.038  0.095  0
0.038  0.096  1
0.038  0.097  0
0.038  0.098  0
0.038  0.099  0

0.039  0  0
0.039  0.001  0
0.039  0.002  0
0.039  0.003  0
0.039  0.004  0
0.039  0.005  0
0.039  0.006  0
0.039  0.007  0
0.039  0.008  0
0.039  0.009  0
0.039  0.01  0
0.039  0.011  0
0.039  0.012  1
0.039  0.013  0
0.039  0.014  0
0.039  0.015  0
0.039  0.016  0
0.039  0.017  0
0.039  0.018  0
0.039  0.019  0
0.039  0.02  0
0.039  0.021  1
0.039  0.022  0
0.039  0.023  0
0.039  0.024  0
0.039  0.025  0
0.039  0.026  0
0.039  0.027  0
0.039  0.028  0
0.039  0.029  0
0.039  0.03  0
0.039  0.031  0
0.039  0.032  0
0.039  0.033  0
0.039  0.034  1
0.039  0.035  0
0.039  0.036  0
0.039  0.037  0
0.039  0.038  0
0.039  0.039  0
0.039  0.04  0
0.039  0.041  1
0.039  0.042  0
0.039  0.043  0
0.039  0.044  0
0.039  0.045  0
0.039  0.046  0
0.039  0.047  0
0.039  0.048  1
0.039  0.049  1
0.039  0.05  0
0.039  0.051  1
0.039  0.052  0
0.039  0.053  0
0.039  0.054  0
0.039  0.055  0
0.039  0.056  0
0.039  0.057  0
0.039  0.058  0
0.039  0.059  0
0.039  0.06  0
0.039  0.061  1
0.039  0.062  0
0.039  0.063  1
0.039  0.064  1
0.039  0.065  0
0.039  0.066  0
0.039  0.067  0
0.039  0.068  0
0.039  0.069  0
0.039  0.07  0
0.039  0.071  0
0.039  0.072  0
0.039  0.073  0
0.039  0.074  0
0.039  0.075  0
0.039  0.076  1
0.039  0.077  0
0.039  0.078  0
0.039  0.079  1
0.039  0.08  0
0.039  0.081  0
0.039  0.082  0
0.039  0.083  0
0.039  0.084  0
0.039  0.085  0
0.039  0.086  0
0.039  0.087  0
0.039  0.088  0
0.039  0.089  0
0.039  0.09  0
0.039  0.091  0
0.039  0.092  0
0.039  0.093  0
0.039  0.094  0
0.039  0.095  0
0.039  0.096  0
0.039  0.097  0
0.039  0.098  0
0.039  0.099  0

0.04  0  0
0.04  0.001  0
0.04  0.002  0
0.04  0.003  0
0.04  0.004  0
0.04  0.005  0
0.04  0.006  0
0.04  0.007  0
0.04  0.008  0
0.04  0.009  0
0.04  0.01  0
0.04  0.011  0
0.04  0.012  0
0.04  0.013  1
0.04  0.014  0
0.04  0.015  0
0.04  0.016  0
0.04  0.017  0
0.04  0.018  0
0.04  0.019  0
0.04  0.02  0
0.04  0.021  0
0.04  0.022  0
0.04  0.023  0
0.04  0.024  0
0.04  0.025  0
0.04  0.026  0
0.04  0.027  0
0.04  0.028  0
0.04  0.029  0
0.04  0.03  0
0.04  0.031  0
0.04  0.032  0
0.04  0.033  1
0.04  0.034  0
0.04  0.035  0
0.04  0.036  1
0.04  0.037  0
0.04  0.038  0
0.04  0.039  0
0.04  0.04  0
0.04  0.041  1
0.04  0.042  0
0.04  0.043  0
0.04  0.044  0
0.04  0.045  1
0.04  0.046  0
0.04  0.047  0
0.04  0.048  0
0.04  0.049  0
0.04  0.05  0
0.04  0.051  0
0.04  0.052  0
0.04  0.053  0
0.04  0.054  0
0.04  0.055  0
0.04  0.056  1
0.04  0.057  0
0.04  0.058  1
0.04  0.059  0
0.04  0.06  0
0.04  0.061  0
0.04  0.062  1
0.04  0.063  0
0.04  0.064  1
0.04  0.065  0
0.04  0.066  0
0.04  0.067  0
0.04  0.068  0
0.04  0.069  0
0.04  0.07  1
0.04  0.071  0
0.04  0.072  0
0.04  0.073  1
0.04  0.074  0
0.04  0.075  0
0.04  0.076  0
0.04  0.077  0
0.04  0.078  0
0.04  0.079  0
0.04  0.08  0
0.04  0.081  0
0.04  0.082  0
0.04  0.083  0
0.04  0.084  0
0.04  0.085  0
0.04  0.086  0
0.04  0.087  0
0.04  0.088  0
0.04  0.089  0
0.04  0.09  0
0.04  0.091  0
0.04  0.092  0
0.04  0.093  0
0.04  0.094  0
0.04  0.095  0
0.04  0.096  0
0.04  0.097  0
0.04  0.098  0
0.04  0.099  0

0.041  0  0
0.041  0.001  0
0.041  0.002  0
0.041  0.003  0
0.041  0.004  1
0.041  0.005  0
0.041  0.006  0
0.041  0.007  0
0.041  0.008  0
0.041  0.009  0
0.041  0.01  0
0.041  0.011  0
0.041  0.012  0
0.041  0.013  1
0.041  0.014  0
0.041  0.015  0
0.041  0.016  0
0.041  0.017  0
0.041  0.018  1
0.041  0.019  0
0.041  0.02  0
0.041  0.021  0
0.041  0.022  0
0.041  0.023  0
0.041  0.024  0
0.041  0.025  0
0.041  0.026  0
0.041  0.027  0
0.041  0.028  0
0.041  0.029  0
0.041  0.03  0
0.041  0.031  2
0.041  0.032  0
0.041  0.033  0
0.041  0.034  0
0.041  0.035  0
0.041  0.036  0
0.041  0.037  0
0.041  0.038  0
0.041  0.039  0
0.041  0.04  0
0.041  0.041  0
0.041  0.042  2
0.041  0.043  0
0.041  0.044  0
0.041  0.045  0
0.041  0.046  0
0.041  0.047  0
0.041  0.048  0
0.041  0.049  0
0.041  0.05  1
0.041  0.051  0
0.041  0.052  2
0.041  0.053  0
0.041  0.054  1
0.041  0.055  0
0.041  0.056  0
0.041  0.057  0
0.041  0.058  0
0.041  0.059  0
0.041  0.06  0
0.041  0.061  1
0.041  0.062  0
0.041  0.063  0
0.041  0.064  0
0.041  0.065  0
0.041  0.066  0
0.041  0.067  0
0.041  0.068  0
0.041  0.069  0
0.041  0.07  0
0.041  0.071  0
0.041  0.072  0
0.041  0.073  0
0.041  0.074  0
0.041  0.075  1
0.041  0.076  1
0.041  0.077  0
0.041  0.078  0
0.041  0.079  0
0.041  0.08  0
0.041  0.081  0
0.041  0.082  0
0.041  0.083  0
0.041  0.084  0
0.041  0.085  0
0.041  0.086  0
0.041  0.087  1
0.041  0.088  0
0.041  0.089  0
0.041  0.09  0
0.041  0.091  1
0.041  0.092  0
0.041  0.093  0
0.041  0.094  0
0.041  0.095  0
0.041  0.096  0
0.041  0.097  1
0.041  0.098  0
0.041  0.099  0

0.042  0  0
0.042  0.001  0
0.042  0.002  0
0.042  0.003  0
0.042  0.004  0
0.042  0.005  0
0.042  0.006  0
0.042  0.007  0
0.042  0.008  2
0.042  0.009  0
0.042  0.01  0
0.042  0.011  0
0.042  0.012  0
0.042  0.013  0
0.042  0.014  0
0.042  0.015  0
0.042  0.016  0
0.042  0.017  0
0.042  0.018  0
0.042  0.019  0
0.042  0.02  0
0.042  0.021  0
0.042  0.022  1
0.042  0.023  0
0.042  0.024  0
0.042  0.025  0
0.042  0.026  0
0.042  0.027  0
0.042  0.028  0
0.042  0.029  0
0.042  0.03  0
0.042  0.031  0
0.042  0.032  0
0.042  0.033  0
0.042  0.034  0
0.042  0.035  0
0.042  0.036  1
0.042  0.037  0
0.042  0.038  0
0.042  0.039  0
0.042  0.04  0
0.042  0.041  0
0.042  0.042  0
0.042  0.043  0
0.042  0.044  0
0.042  0.045  2
0.042  0.046  1
0.042  0.047  0
0.042  0.048  0
0.042  0.049  1
0.042  0.05  0
0.042  0.051  0
0.042  0.052  0
0.042  0.053  0
0.042  0.054  0
0.042  0.055  0
0.042  0.056  0
0.042  0.057  0
0.042  0.058  0
0.042  0.059  0
0.042  0.06  1
0.042  0.061  1
0.042  0.062  0
0.042  0.063  0
0.042  0.064  0
0.042  0.065  0
0.042  0.066  1
0.042  0.067  0
0.042  0.068  0
0.042  0.069  2
0.042  0.07  0
0.042  0.071  0
0.042  0.072  2
0.042  0.073  0
0.042  0.074  0
0.042  0.075  0
0.042  0.076  0
0.042  0.077  0
0.042  0.078  0
0.042  0.079  0
0.042  0.08  0
0.042  0.081  0
0.042  0.082  0
0.042  0.083  0
0.042  0.084  0
0.042  0.085  0
0.042  0.086  0
0.042  0.087  0
0.042  0.088  0
0.042  0.089  0
0.042  0.09  0
0.042  0.091  0
0.042  0.092  0
0.042  0.093  0
0.042  0.094  0
0.042  0.095  0
0.042  0.096  1
0.042  0.097  0
0.042  0.098  0
0.042  0.099  0

0.043  0  0
0.043  0.001  0
0.043  0.002  0
0.043  0.003  0
0.043  0.004  0
0.043  0.005  0
0.043  0.006  0
0.043  0.007  0
0.043  0.008  0
0.043  0.009  0
0.043  0.01  0
0.043  0.011  0
0.043  0.012  0
0.043  0.013  0
0.043  0.014  0
0.043  0.015  0
0.043  0.016  0
0.043  0.017  0
0.043  0.018  0
0.043  0.019  0
0.043  0.02  0
0.043  0.021  0
0.043  0.022  0
0.043  0.023  0
0.043  0.024  0
0.043  0.025  0
0.043  0.026  0
0.043  0.027  0
0.043  0.028  0
0.043  0.029  0
0.043  0.03  0
0.043  0.031  0
0.043  0.032  0
0.043  0.033  0
0.043  0.034  0
0.043  0.035  0
0.043  0.036  0
0.043  0.037  0
0.043  0.038  0
0.043  0.039  0
0.043  0.04  1
0.043  0.041  1
0.043  0.042  0
0.043  0.043  1
0.043  0.044  0
0.043  0.045  0
0.043  0.046  0
0.043  0.047  0
0.043  0.048  0
0.043  0.049  0
0.043  0.05  0
0.043  0.051  1
0.043  0.052  0
0.043  0.053  0
0.043  0.054  0
0.043  0.055  1
0.043  0.056  0
0.043  0.057  0
0.043  0.058  1
0.043  0.059  0
0.043  0.06  0
0.043  0.061  0
0.043  0.062  0
0.043  0.063  0
0.043  0.064  0
0.043  0.065  0
0.043  0.066  0
0.043  0.067  0
0.043  0.068  0
0.043  0.069  0
0.043  0.07  0
0.043  0.071  0
0.043  0.072  0
0.043  0.073  0
0.043  0.074  0
0.043  0.075  1
0.043  0.076  0
0.043  0.077  0
0.043  0.078  0
0.043  0.079  0
0.043  0.08  0
0.043  0.081  0
0.043  0.082  0
0.043  0.083  0
0.043  0.084  0
0.043  0.085  0
0.043  0.086  0
0.043  0.087  0
0.043  0.088  0
0.043  0.089  0
0.043  0.09  0
0.043  0.091  0
0.043  0.092  0
0.043  0.093  0
0.043  0.094  0
0.043  0.095  0
0.043  0.096  0
0.043  0.097  0
0.043  0.098  0
0.043  0.099  1

0.044  0  0
0.044  0.001  0
0.044  0.002  0
0.044  0.003  0
0.044  0.004  0
0.044  0.005  0
0.044  0.006  0
0.044  0.007  0
0.044  0.008  0
0.044  0.009  0
0.044  0.01  0
0.044  0.011  0
0.044  0.012  0
0.044  0.013  0
0.044  0.014  0
0.044  0.015  0
0.044  0.016  0
0.044  0.017  0
0.044  0.018  0
0.044  0.019  0
0.044  0.02  0
0.044  0.021  0
0.044  0.022  0
0.044  0.023  0
0.044  0.024  1
0.044  0.025  0
0.044  0.026  0
0.044  0.027  1
0.044  0.028  0
0.044  0.029  1
0.044  0.03  0
0.044  0.031  0
0.044  0.032  0
0.044  0.033  0
0.044  0.034  0
0.044  0.035  0
0.044  0.036  1
0.044  0.037  0
0.044  0.038  0
0.044  0.039  1
0.044  0.04  0
0.044  0.041  0
0.044  0.042  0
0.044  0.043  0
0.044  0.044  0
0.044  0.045  2
0.044  0.046  1
0.044  0.047  0
0.044  0.048  0
0.044  0.049  0
0.044  0.05  0
0.044  0.051  0
0.044  0.052  0
0.044  0.053  0
0.044  0.054  0
0.044  0.055  0
0.044  0.056  0
0.044  0.057  0
0.044  0.058  1
0.044  0.059  0
0.044  0.06  0
0.044  0.061  0
0.044  0.062  0
0.044  0.063  1
0.044  0.064  0
0.044  0.065  0
0.044  0.066  1
0.044  0.067  1
0.044  0.068  0
0.044  0.069  0
0.044  0.07  0
0.044  0.071  1
0.044  0.072  0
0.044  0.073  0
0.044  0.074  0
0.044  0.075  0
0.044  0.076  0
0.044  0.077  0
0.044  0.078  0
0.044  0.079  0
0.044  0.08  0
0.044  0.081  0
0.044  0.082  0
0.044  0.083  0
0.044  0.084  0
0.044  0.085  0
0.044  0.086  1
0.044  0.087  0
0.044  0.088  0
0.044  0.089  0
0.044  0.09  0
0.044  0.091  0
0.044  0.092  0
0.044  0.093  1
0.044  0.094  0
0.044  0.095  0
0.044  0.096  0
0.044  0.097  0
0.044  0.098  1
0.044  0.099  0

0.045  0  0
0.045  0.001  0
0.045  0.002  0
0.045  0.003  0
0.045  0.004  0
0.045  0.005  0
0.045  0.006  0
0.045  0.007  0
0.045  0.008  0
0.045  0.009  0
0.045  0.01  0
0.045  0.011  0
0.045  0.012  0
0.045  0.013  0
0.045  0.014  0
0.045  0.015  0
0.045  0.016  0
0.045  0.017  1
0.045  0.018  0
0.045  0.019  0
0.045  0.02  0
0.045  0.021  0
0.045  0.022  0
0.045  0.023  0
0.045  0.024  0
0.045  0.025  0
0.045  0.026  0
0.045  0.027  0
0.045  0.028  0
0.045  0.029  0
0.045  0.03  0
0.045  0.031  0
0.045  0.032  0
0.045  0.033  0
0.045  0.034  0
0.045  0.035  1
0.045  0.036  0
0.045  0.037  0
0.045  0.038  0
0.045  0.039  0
0.045  0.04  0
0.045  0.041  0
0.045  0.042  0
0.045  0.043  0
0.045  0.044  0
0.045  0.045  0
0.045  0.046  0
0.045  0.047  0
0.045  0.048  0
0.045  0.049  0
0.045  0.05  0
0.045  0.051  0
0.045  0.052  0
0.045  0.053  0
0.045  0.054  1
0.045  0.055  0
0.045  0.056  0
0.045  0.057  1
0.045  0.058  0
0.045  0.059  0
0.045  0.06  0
0.045  0.061  0
0.045  0.062  0
0.045  0.063  0
0.045  0.064  0
0.045  0.065  0
0.045  0.066  0
0.045  0.067  0
0.045  0.068  0
0.045  0.069  0
0.045  0.07  0
0.045  0.071  0
0.045  0.072  0
0.045  0.073  0
0.045  0.074  0
0.045  0.075  0
0.045  0.076  0
0.045  0.077  0
0.045  0.078  0
0.045  0.079  1
0.045  0.08  0
0.045  0.081  0
0.045  0.082  0
0.045  0.083  1
0.045  0.084  0
0.045  0.085  1
0.045  0.086  0
0.045  0.087  0
0.045  0.088  0
0.045  0.089  0
0.045  0.09  0
0.045  0.091  0
0.045  0.092  0
0.045  0.093  0
0.045  0.094  0
0.045  0.095  0
0.045  0.096  0
0.045  0.097  0
0.045  0.098  1
0.045  0.099  1

0.046  0  0
0.046  0.001  0
0.046  0.002  0
0.046  0.003  0
0.046  0.004  0
0.046  0.005  0
0.046  0.006  0
0.046  0.007  0
0.046  0.008  0
0.046  0.009  0
0.046  0.01  0
0.046  0.011  0
0.046  0.012  0
0.046  0.013  0
0.046  0.014  0
0.046  0.015  0
0.046  0.016  0
0.046  0.017  0
0.046  0.018  0
0.046  0.019  0
0.046  0.02  0
0.046  0.021  0
0.046  0.022  0
0.046  0.023  0
0.046  0.024  0
0.046  0.025  0
0.046  0.026  0
0.046  0.027  0
0.046  0.028  0
0.046  0.029  0
0.046  0.03  0
0.046  0.031  0
0.046  0.032  0
0.046  0.033  0
0.046  0.034  0
0.046  0.035  0
0.046  0.036  0
0.046  0.037  1
0.046  0.038  0
0.046  0.039  0
0.046  0.04  0
0.046  0.041  0
0.046  0.042  0
0.046  0.043  0
0.046  0.044  1
0.046  0.045  0
0.046  0.046  0
0.046  0.047  0
0.046  0.048  0
0.046  0.049  0
0.046  0.05  0
0.046  0.051  1
0.046  0.052  1
0.046  0.053  0
0.046  0.054  0
0.046  0.055  1
0.046  0.056  0
0.046  0.057  0
0.046  0.058  0
0.046  0.059  0
0.046  0.06  0
0.046  0.061  0
0.046  0.062  0
0.046  0.063  0
0.046  0.064  0
0.046  0.065  0
0.046  0.066  0
0.046  0.067  0
0.046  0.068  0
0.046  0.069  0
0.046  0.07  0
0.046  0.071  1
0.046  0.072  0
0.046  0.073  0
0.046  0.074  1
0.046  0.075  0
0.046  0.076  0
0.046  0.077  1
0.046  0.078  0
0.046  0.079  0
0.046  0.08  0
0.046  0.081  0
0.046  0.082  0
0.046  0.083  0
0.046  0.084  0
0.046  0.085  0
0.046  0.086  0
0.046  0.087  0
0.046  0.088  0
0.046  0.089  0
0.046  0.09  0
0.046  0.091  0
0.046  0.092  0
0.046  0.093  0
0.046  0.094  0
0.046  0.095  0
0.046  0.096  0
0.046  0.097  0
0.046  0.098  0
0.046  0.099  0

0.047  0  0
0.047  0.001  0
0.047  0.002  0
0.047  0.003  0
0.047  0.004  0
0.047  0.005  0
0.047  0.006  0
0.047  0.007  0
0.047  0.008  0
0.047  0.009  0
0.047  0.01  0
0.047  0.011  0
0.047  0.012  0
0.047  0.013  0
0.047  0.014  0
0.047  0.015  0
0.047  0.016  0
0.047  0.017  0
0.047  0.018  0
0.047  0.019  0
0.047  0.02  0
0.047  0.021  0
0.047  0.022  0
0.047  0.023  0
0.047  0.024  0
0.047  0.025  1
0.047  0.026  0
0.047  0.027  0
0.047  0.028  0
0.047  0.029  0
0.047  0.03  0
0.047  0.031  0
0.047  0.032  1
0.047  0.033  1
0.047  0.034  0
0.047  0.035  1
0.047  0.036  0
0.047  0.037  0
0.047  0.038  0
0.047  0.039  0
0.047  0.04  0
0.047  0.041  0
0.047  0.042  1
0.047  0.043  0
0.047  0.044  0
0.047  0.045  0
0.047  0.046  0
0.047  0.047  0
0.047  0.048  0
0.047  0.049  1
0.047  0.05  0
0.047  0.051  0
0.047  0.052  0
0.047  0.053  0
0.047  0.054  0
0.047  0.055  0
0.047  0.056  0
0.047  0.057  0
0.047  0.058  0
0.047  0.059  0
0.047  0.06  0
0.047  0.061  0
0.047  0.062  0
0.047  0.063  0
0.047  0.064  0
0.047  0.065  0
0.047  0.066  0
0.047  0.067  0
0.047  0.068  0
0.047  0.069  0
0.047  0.07  0
0.047  0.071  1
0.047  0.072  0
0.047  0.073  0
0.047  0.074  0
0.047  0.075  0
0.047  0.076  0
0.047  0.077  0
0.047  0.078  0
0.047  0.079  0
0.047  0.08  0
0.047  0.081  0
0.047  0.082  0
0.047  0.083  0
0.047  0.084  0
0.047  0.085  0
0.047  0.086  0
0.047  0.087  0
0.047  0.088  0
0.047  0.089  0
0.047  0.09  0
0.047  0.091  0
0.047  0.092  0
0.047  0.093  0
0.047  0.094  0
0.047  0.095  0
0.047  0.096  0
0.047  0.097  0
0.047  0.098  0
0.047  0.099  0

0.048  0  0
0.048  0.001  0
0.048  0.002  0
0.048  0.003  0
0.048  0.004  0
0.048  0.005  0
0.048  0.006  0
0.048  0.007  0
0.048  0.008  0
0.048  0.009  0
0.048  0.01  0
0.048  0.011  0
0.048  0.012  0
0.048  0.013  0
0.048  0.014  0
0.048  0.015  0
0.048  0.016  0
0.048  0.017  0
0.048  0.018  0
0.048  0.019  0
0.048  0.02  0
0.048  0.021  0
0.048  0.022  0
0.048  0.023  0
0.048  0.024  0
0.048  0.025  0
0.048  0.026  0
0.048  0.027  0
0.048  0.028  0
0.048  0.029  0
0.048  0.03  0
0.048  0.031  0
0.048  0.032  0
0.048  0.033  1
0.048  0.034  0
0.048  0.035  0
0.048  0.036  0
0.048  0.037  1
0.048  0.038  0
0.048  0.039  0
0.048  0.04  0
0.048  0.041  0
0.048  0.042  0
0.048  0.043  0
0.048  0.044  0
0.048  0.045  0
0.048  0.046  0
0.048  0.047  0
0.048  0.048  0
0.048  0.049  0
0.048  0.05  0
0.048  0.051  0
0.048  0.052  0
0.048  0.053  0
0.048  0.054  0
0.048  0.055  0
0.048  0.056  0
0.048  0.057  0
0.048  0.058  0
0.048  0.059  0
0.048  0.06  0
0.048  0.061  0
0.048  0.062  1
0.048  0.063  1
0.048  0.064  1
0.048  0.065  0
0.048  0.066  0
0.048  0.067  0
0.048  0.068  0
0.048  0.069  0
0.048  0.07  0
0.048  0.071  0
0.048  0.072  0
0.048  0.073  0
0.048  0.074  0
0.048  0.075  0
0.048  0.076  0
0.048  0.077  1
0.048  0.078  0
0.048  0.079  0
0.048  0.08  0
0.048  0.081  0
0.048  0.082  0
0.048  0.083  0
0.048  0.084  0
0.048  0.085  2
0.048  0.086  1
0.048  0.087  0
0.048  0.088  0
0.048  0.089  0
0.048  0.09  0
0.048  0.091  0
0.048  0.092  0
0.048  0.093  0
0.048  0.094  0
0.048  0.095  0
0.048  0.096  0
0.048  0.097  0
0.048  0.098  0
0.048  0.099  0

0.049  0  0
0.049  0.001  0
0.049  0.002  0
0.049  0.003  0
0.049  0.004  0
0.049  0.005  0
0.049  0.006  0
0.049  0.007  0
0.049  0.008  0
0.049  0.009  0
0.049  0.01  0
0.049  0.011  0
0.049  0.012  0
0.049  0.013  0
0.049  0.014  0
0.049  0.015  0
0.049  0.016  0
0.049  0.017  0
0.049  0.018  0
0.049  0.019  0
0.049  0.02  0
0.049  0.021  0
0.049  0.022  0
0.049  0.023  0
0.049  0.024  0
0.049  0.025  0
0.049  0.026  0
0.049  0.027  0
0.049  0.028  0
0.049  0.029  0
0.049  0.03  0
0.049  0.031  0
0.049  0.032  0
0.049  0.033  0
0.049  0.034  0
0.049  0.035  0
0.049  0.036  0
0.049  0.037  0
0.049  0.038  2
0.049  0.039  1
0.049  0.04  0
0.049  0.041  0
0.049  0.042  0
0.049  0.043  0
0.049  0.044  0
0.049  0.045  0
0.049  0.046  0
0.049  0.047  1
0.049  0.048  0
0.049  0.049  0
0.049  0.05  0
0.049  0.051  0
0.049  0.052  0
0.049  0.053  0
0.049  0.054  1
0.049  0.055  0
0.049  0.056  0
0.049  0.057  1
0.049  0.058  0
0.049  0.059  0
0.049  0.06  0
0.049  0.061  0
0.049  0.062  0
0.049  0.063  1
0.049  0.064  1
0.049  0.065  0
0.049  0.066  0
0.049  0.067  0
0.049  0.068  0
0.049  0.069  1
0.049  0.07  0
0.049  0.071  0
0.049  0.072  0
0.049  0.073  1
0.049  0.074  1
0.049  0.075  0
0.049  0.076  0
0.049  0.077  0
0.049  0.078  0
0.049  0.079  0
0.049  0.08  0
0.049  0.081  0
0.049  0.082  0
0.049  0.083  0
0.049  0.084  0
0.049  0.085  0
0.049  0.086  0
0.049  0.087  0
0.049  0.088  0
0.049  0.089  1
0.049  0.09  0
0.049  0.091  0
0.049  0.092  0
0.049  0.093  0
0.049  0.094  0
0.049  0.095  0
0.049  0.096  0
0.049  0.097  0
0.049  0.098  0
0.049  0.099  0

