   0.0000000e+00
   0.0000000e+00
   1.7214504e-01
   2.5821755e-01
   3.0125381e-01
   3.2277194e-01
   3.4429007e-01
   2.9227381e-01
   2.6626567e-01
   2.5326161e-01
   2.4675957e-01
   2.4025754e-01
   3.1463911e-01
   3.8902067e-01
   6.9451034e-01
   8.4725517e-01
   9.2362758e-01
   9.6181379e-01
   1.0000000e+00
   8.7987123e-01
   8.1980685e-01
   7.5974246e-01
   6.2588953e-01
   5.5896306e-01
   4.9203660e-01
   4.5374449e-01
   4.1545239e-01
   3.5648933e-01
   3.2700779e-01
   2.9752626e-01
   3.9833955e-01
   4.4874619e-01
   4.7394951e-01
   4.8655117e-01
   4.9915283e-01
   3.0243985e-01
   2.0408336e-01
   1.5490512e-01
   1.3031599e-01
   1.0572687e-01
   7.4212131e-02
   4.2697391e-02
   5.4218909e-02
   6.5740427e-02
  -5.8624195e-02
  -1.2080651e-01
  -1.8298882e-01
  -1.6977296e-01
  -1.6316503e-01
  -1.5986106e-01
  -1.5655710e-01
  -2.1179261e-01
  -2.3941037e-01
  -2.5321925e-01
  -2.6012369e-01
  -2.6702813e-01
  -8.4378177e-02
   6.9467977e-03
   9.8271772e-02
   2.4805151e-01
   3.2294138e-01
   3.9783124e-01
   3.3903761e-01
   3.0964080e-01
   2.9494239e-01
   2.8759319e-01
   2.8024399e-01
   4.0952220e-01
   4.7416130e-01
   5.0648085e-01
   5.2264063e-01
   5.3880041e-01
   5.1372416e-01
   5.0118604e-01
   4.8864792e-01
   4.7661810e-01
   4.7060319e-01
   4.6759573e-01
   4.6609200e-01
   4.6458828e-01
   4.1477465e-01
   3.8986784e-01
   3.7741444e-01
   3.6496103e-01
   3.0684514e-01
   2.7778719e-01
   2.4872924e-01
   3.9444256e-01
   4.6729922e-01
   5.0372755e-01
   5.2194171e-01
   5.4015588e-01
   5.0525246e-01
   4.8780075e-01
   4.7034903e-01
   4.4561166e-01
   4.3324297e-01
   4.2705862e-01
   4.2087428e-01
   4.4188411e-01
   3.7817689e-01
   3.4632328e-01
   3.3039648e-01
   3.1446967e-01
   4.0528634e-01
   1.7214504e-01
  -6.0996272e-02
  -1.1758726e-01
  -1.4588275e-01
  -1.6003050e-01
  -1.6710437e-01
  -1.7417824e-01
   1.1030159e-01
   2.5254151e-01
   3.9478143e-01
  -5.6421552e-02
  -5.0762453e-01
  -4.6712979e-01
  -4.4688241e-01
  -4.3675873e-01
  -4.3169688e-01
  -4.2663504e-01
  -3.6275839e-01
  -3.3082006e-01
  -3.1485090e-01
  -3.0686632e-01
  -2.9888174e-01
  -3.9003728e-01
  -4.3561505e-01
  -4.5840393e-01
  -4.6979837e-01
  -4.8119282e-01
  -4.2053541e-01
  -3.9020671e-01
  -3.7504236e-01
  -3.5987801e-01
  -2.7414436e-01
  -2.3127753e-01
  -2.0984412e-01
  -1.9912741e-01
  -1.8841071e-01
  -1.0606574e-01
  -6.4893257e-02
  -2.3720773e-02
  -9.0308370e-02
  -1.2360217e-01
  -1.4024907e-01
  -1.4857252e-01
  -1.5689597e-01
  -1.6485937e-01
  -1.7282277e-01
  -1.7468655e-01
  -1.7561843e-01
  -1.7608438e-01
  -1.7631735e-01
  -1.7655032e-01
  -3.1836666e-01
  -3.8927482e-01
  -4.6018299e-01
  -4.2460183e-01
  -4.0681125e-01
  -3.9791596e-01
  -3.9346832e-01
  -3.8902067e-01
  -3.3209082e-01
  -2.7516096e-01
  -3.2836327e-01
  -3.5496442e-01
  -3.8156557e-01
  -5.2151813e-01
  -6.6147069e-01
  -7.1111488e-01
  -7.3593697e-01
  -7.4834802e-01
  -7.5455354e-01
  -7.6075906e-01
  -3.3276855e-01
  -1.1877330e-01
  -1.1775669e-02
   9.5221959e-02
  -2.6838360e-01
  -4.5018638e-01
  -5.4108777e-01
  -5.8653846e-01
  -6.3198916e-01
  -6.7502542e-01
  -6.9654354e-01
  -7.0730261e-01
  -7.1806167e-01
  -7.7380549e-01
  -8.0167740e-01
  -8.1561335e-01
  -8.2258133e-01
  -8.2954931e-01
  -9.2036598e-01
  -1.0111826e+00
  -9.5543883e-01
  -9.2756693e-01
  -9.1363097e-01
  -8.9969502e-01
  -1.0840393e+00
  -1.1762115e+00
  -1.2222975e+00
  -1.2683836e+00
  -1.2858353e+00
  -1.2945612e+00
  -1.3032870e+00
  -7.5787869e-01
  -4.8517452e-01
  -3.4882243e-01
  -2.1247035e-01
  -7.2128092e-01
  -9.7568621e-01
  -1.1028889e+00
  -1.1664902e+00
  -1.2300915e+00
  -1.0252457e+00
  -8.2039986e-01
  -9.8220942e-01
  -1.0631142e+00
  -1.1035666e+00
  -1.1440190e+00
  -1.0504914e+00
  -1.0037275e+00
  -9.5696374e-01
  -1.0674348e+00
  -1.1226703e+00
  -1.1502880e+00
  -1.1779058e+00
  -1.3209082e+00
  -1.4639105e+00
  -1.3774992e+00
  -1.3342935e+00
  -1.3126906e+00
  -1.2910878e+00
  -1.3120976e+00
  -1.3331074e+00
  -1.1929854e+00
  -1.1229244e+00
  -1.0878939e+00
  -1.0528634e+00
  -1.2810912e+00
  -1.5093189e+00
  -1.5760759e+00
  -1.6428329e+00
  -1.0040664e+00
  -6.8468316e-01
  -5.2499153e-01
  -4.4514571e-01
  -3.6529990e-01
  -3.0379532e-01
  -2.7304304e-01
  -2.4229075e-01
  -3.1785835e-01
  -3.5564216e-01
  -3.7453406e-01
  -3.8398001e-01
  -3.9342596e-01
  -4.0511691e-01
  -4.1096239e-01
  -4.1388512e-01
  -4.1534649e-01
  -4.1680786e-01
  -2.5160962e-01
  -8.6411386e-02
  -3.1328363e-01
  -4.2671976e-01
  -4.8343782e-01
  -5.1179685e-01
  -5.4015588e-01
  -4.5984412e-01
  -4.1968824e-01
  -3.9961030e-01
  -3.8957133e-01
  -3.7953236e-01
  -4.0088106e-01
  -4.1155540e-01
  -4.2222975e-01
  -5.8691969e-01
  -7.5160962e-01
  -8.5699763e-01
  -9.6238563e-01
  -9.9525585e-01
  -1.0116910e+00
  -1.0281261e+00
  -1.0938665e+00
  -1.1267367e+00
  -1.1431718e+00
  -1.1596069e+00
  -1.0711623e+00
  -9.8271772e-01
  -1.1890884e+00
  -1.3954592e+00
  -1.1019993e+00
  -9.5526940e-01
  -8.8190444e-01
  -8.4522196e-01
  -8.0853948e-01
  -5.9251101e-01
  -4.8449678e-01
  -3.7648255e-01
  -3.7394104e-01
  -3.7139953e-01
  -4.6967130e-01
  -5.1880718e-01
  -5.4337513e-01
  -5.5565910e-01
  -5.6794307e-01
  -5.7573704e-01
  -5.8353101e-01
  -6.7468655e-01
  -7.2026432e-01
  -7.6584209e-01
  -8.4378177e-01
  -9.2172145e-01
  -8.5598102e-01
  -8.2311081e-01
  -8.0667570e-01
  -7.9024060e-01
  -7.0891223e-01
  -6.2758387e-01
  -7.0349034e-01
  -7.7939681e-01
  -6.8315825e-01
  -6.3503897e-01
  -6.1097933e-01
  -5.9894951e-01
  -5.8691969e-01
  -4.5221959e-01
  -3.8486954e-01
  -3.1751948e-01
  -1.7197560e-01
  -9.9203660e-02
  -6.2817689e-02
  -4.4624703e-02
  -2.6431718e-02
  -1.9010505e-01
  -3.5377838e-01
  -3.9512030e-01
  -4.1579126e-01
  -4.3646222e-01
  -5.6421552e-01
  -6.9196882e-01
  -6.0555744e-01
  -5.6235175e-01
  -5.4074890e-01
  -5.1914605e-01
  -3.6123348e-01
  -4.2392409e-01
  -4.8661471e-01
  -5.5032192e-01
  -6.1402914e-01
  -6.4418841e-01
  -6.5926804e-01
  -6.6680786e-01
  -6.7434768e-01
  -5.8149780e-01
  -4.8864792e-01
  -4.8017621e-01
  -4.7594036e-01
  -4.7170451e-01
  -7.1941715e-01
  -9.6712979e-01
  -8.5293121e-01
  -7.9583192e-01
  -7.6728228e-01
  -7.3873263e-01
  -4.0105049e-01
  -2.3220942e-01
  -6.3368350e-02
  -2.6855303e-01
  -4.7373772e-01
  -4.5645544e-01
  -4.3917316e-01
  -7.5465944e-01
  -1.0701457e+00
  -1.1396137e+00
  -1.2090817e+00
  -9.9220603e-01
  -8.8376821e-01
  -8.2954931e-01
  -7.7533040e-01
  -7.2077262e-01
  -6.9349373e-01
  -6.7985429e-01
  -6.6621484e-01
  -9.4679770e-01
  -1.0870891e+00
  -1.2273805e+00
  -6.5537106e-01
  -3.6936632e-01
  -8.3361572e-02
  -4.1511352e-01
  -5.8098950e-01
  -6.6392748e-01
  -7.4686547e-01
  -3.2141647e-01
   1.0403253e-01
   0.0000000e+00
   0.0000000e+00
