   0.0000000e+00
   0.0000000e+00
  -3.5292176e-03
  -1.1984106e-02
  -1.5678359e-02
  -1.6909776e-02
  -2.3498496e-02
  -2.5145675e-02
  -2.8589202e-02
  -3.7018700e-02
  -4.2553732e-02
  -3.2727781e-02
  -2.6151756e-02
  -2.1226086e-02
  -1.9601122e-02
  -1.4523111e-02
  -1.5894174e-02
  -1.6236940e-02
  -1.5640274e-02
  -1.4929352e-02
  -9.0388595e-03
  -8.0232573e-03
  -7.6424065e-03
  -7.5471938e-03
  -3.2499270e-03
  -1.3964530e-03
  -3.8085082e-03
  -3.1610618e-03
  -2.9452463e-03
  -8.0486473e-03
  -1.1222404e-02
  -1.2326872e-02
  -1.2695027e-02
  -1.1628645e-02
  -1.1070064e-02
  -1.0866943e-02
  -1.1984106e-02
  -1.4992827e-02
  -1.5745008e-02
  -1.5716444e-02
  -1.5506976e-02
  -1.5437153e-02
  -1.8255449e-02
  -2.0210484e-02
  -1.9855023e-02
  -2.0515164e-02
  -2.0210484e-02
  -2.0134313e-02
  -1.5944954e-02
  -1.5538713e-02
  -1.9296442e-02
  -2.2546369e-02
  -1.7671478e-02
   8.3177819e-02
   2.6537685e-01
   3.2760788e-01
   3.4835155e-01
   3.9512003e-01
   4.5625928e-01
   5.0180904e-01
   5.6904191e-01
   6.1159564e-01
   6.5417476e-01
   7.0068934e-01
   7.5299285e-01
   7.7297483e-01
   7.9285524e-01
   7.9948204e-01
   8.1105991e-01
   8.3614528e-01
   8.4899265e-01
   8.5207754e-01
   8.5310584e-01
   8.7986696e-01
   8.8904546e-01
   9.0015361e-01
   9.0619010e-01
   9.0820226e-01
   9.1585736e-01
   9.2003402e-01
   9.2125275e-01
   9.2358863e-01
   9.2551827e-01
   9.3027891e-01
   9.3146907e-01
   9.3569969e-01
   9.4019373e-01
   9.4085387e-01
   9.3986366e-01
   9.3953358e-01
   9.5042592e-01
   9.5517386e-01
   9.5893159e-01
   9.6167371e-01
   9.6375570e-01
   9.6573612e-01
   9.6482208e-01
   9.6451740e-01
   9.6705640e-01
   9.6690406e-01
   9.7379746e-01
   9.7609526e-01
   9.7377207e-01
   9.7246449e-01
   9.7206459e-01
   9.7401328e-01
   9.7557477e-01
   9.6644704e-01
   9.6896066e-01
   9.6979853e-01
   9.7756789e-01
   9.8015767e-01
   9.8381384e-01
   9.8416930e-01
   9.8239200e-01
   9.8467710e-01
   9.8559114e-01
   9.8609895e-01
   9.8467710e-01
   9.8198576e-01
   9.8427086e-01
   9.8995823e-01
   9.9676277e-01
   1.0000000e+00
   9.8538802e-01
   9.6969697e-01
   9.7068718e-01
   9.7106803e-01
   9.7110612e-01
   9.7111881e-01
   9.6894796e-01
   9.6840525e-01
   9.6850364e-01
   9.6878293e-01
   9.6714527e-01
   9.6659938e-01
   9.6389534e-01
   9.6321933e-01
   9.6593924e-01
   9.6888449e-01
   9.7995455e-01
   9.7660306e-01
   9.8090668e-01
   9.8198258e-01
   9.8307753e-01
   9.8797781e-01
   9.9214178e-01
   9.9595029e-01
   9.9721979e-01
   9.8736845e-01
   9.7697122e-01
   9.7556207e-01
   9.7761867e-01
   3.3519950e-01
   2.2302624e-01
   2.1916695e-01
   2.0647192e-01
   2.0078455e-01
   1.9733151e-01
   1.9428470e-01
   1.9672214e-01
   1.9022229e-01
   1.8946059e-01
   1.8849577e-01
   1.8169123e-01
   1.7559762e-01
   1.4912849e-01
   1.4251120e-01
   1.4030544e-01
   1.1558822e-01
   1.0940892e-01
   1.0125554e-01
   8.8560511e-02
   8.3609450e-02
   8.1959097e-02
   7.8912290e-02
   7.7896688e-02
   6.4947760e-02
   5.0170748e-02
   4.7276282e-02
   4.6870041e-02
   4.5067347e-02
   4.3296391e-02
   3.4098843e-02
   2.6050196e-02
   2.6469132e-02
   2.6608777e-02
   2.8030620e-02
   2.9249343e-02
   2.9744449e-02
   2.9909484e-02
   2.1937007e-02
   2.2622539e-02
   2.2851049e-02
   2.8843102e-02
  -7.1092153e-03
   4.6717701e-03
   2.2343248e-03
   1.4218431e-03
   0.0000000e+00
